56
1.29061565764488  0
1.36102370083612  0.148581125713261
1.62257681944273  0.296174107427092
2.35456614008324  0.441864446345826
5.95679313653142  0.584871935299764
6.92353422275654  -2.41700325842098
1.99366428072045  -2.28099584121248
1.11994593445773  -2.14893872906248
0.764380332776757  -2.02091491041446
0.575219546871899  -1.89688036564012
0.459661928359226  -1.77669598582291
0.382775060360706  -1.66015699077883
0.328554587741889  -1.54701765909506
0.288676708578097  -1.43701068875626
0.258408309835331  -1.32986145160268
0.234873394477509  -1.22529787744825
0.216232439661061  -1.12305685333074
0.20125997459793  -1.02288798722922
0.18911234367435  -0.924555463030374
0.17919306604768  -0.827838565813559
0.171071297754783  -0.732531316075193
0.164430632897871  -0.63844153219191
0.159035975906895  -0.545389545624008
0.154711577611227  -0.453206721348399
0.151326200201696  -0.361733883056151
0.14878298111274  -0.270819704682136
0.147012497440109  -0.180319103190589
0.145968093559659  -0.0900916492300177
0.145622886268537  -8.27670214459437E-18
0.145968093559659  0.0900916492300176
0.147012497440109  0.180319103190589
0.14878298111274  0.270819704682136
0.151326200201696  0.361733883056151
0.154711577611227  0.453206721348399
0.159035975906895  0.545389545624008
0.164430632897871  0.63844153219191
0.171071297754783  0.732531316075193
0.17919306604768  0.827838565813559
0.18911234367435  0.924555463030374
0.20125997459793  1.02288798722922
0.216232439661061  1.12305685333074
0.234873394477509  1.22529787744825
0.258408309835331  1.32986145160268
0.288676708578097  1.43701068875626
0.328554587741889  1.54701765909506
0.382775060360706  1.66015699077883
0.459661928359226  1.77669598582291
0.575219546871899  1.89688036564012
0.764380332776757  2.02091491041446
1.11994593445773  2.14893872906248
1.99366428072045  2.28099584121248
6.92353422275654  2.41700325842098
5.95679313653142  -0.584871935299764
2.35456614008324  -0.441864446345826
1.62257681944273  -0.296174107427092
1.36102370083612  -0.148581125713261
