0.288346173472148  0
0.308797891475265  0.361528466061909
0.372396014547084  0.676233981992479
0.491340747915115  0.930115698948756
0.706994030370048  1.13253656262759
1.16420296459101  1.29756330006031
2.71698306009448  1.43655427394418
14.6420816002774  -1.58420265800638
2.17268650130768  -1.47625460999649
1.22554024496371  -1.37766333171779
0.876075268751129  -1.28602033226477
0.693924313841364  -1.19964581884291
0.582089814966298  -1.11734100919883
0.506518636315869  -1.03823126501813
0.452167928593314  -0.961665088602193
0.411362110631518  -0.887147768730647
0.379774072613024  -0.814296867675004
0.354779263086215  -0.742811740090966
0.334694611434414  -0.672452244955422
0.318393012417648  -0.603023595991715
0.305093653871584  -0.534365384791169
0.294241305530587  -0.466343486992538
0.285433544586222  -0.398843989363224
0.278375215519016  -0.331768550584912
0.27284908926457  -0.265030788226496
0.268696568522652  -0.198553403421343
0.265804882225712  -0.132265834434447
0.264098659937437  -0.0661022838633167
0.263534623814058  9.84193081599286E-18
0.264098659937437  0.0661022838633167
0.265804882225712  0.132265834434447
0.268696568522652  0.198553403421343
0.27284908926457  0.265030788226496
0.278375215519016  0.331768550584912
0.285433544586222  0.398843989363224
0.294241305530587  0.466343486992538
0.305093653871584  0.534365384791169
0.318393012417648  0.603023595991715
0.334694611434414  0.672452244955422
0.354779263086215  0.742811740090966
0.379774072613024  0.814296867675004
0.411362110631518  0.887147768730647
0.452167928593314  0.961665088602193
0.506518636315869  1.03823126501813
0.582089814966298  1.11734100919883
0.693924313841364  1.19964581884291
0.876075268751129  1.28602033226477
1.22554024496371  1.37766333171779
2.17268650130768  1.47625460999649
14.6420816002774  1.58420265800638
2.71698306009448  -1.43655427394418
1.16420296459101  -1.29756330006031
0.706994030370048  -1.13253656262759
0.491340747915115  -0.930115698948756
0.372396014547084  -0.676233981992479
0.308797891475265  -0.361528466061909
