1.42443115778059  0
1.47310494931485  0.0699923608068519
1.64166311650104  0.140067204567342
2.03005421237122  0.210308919094468
3.04286867796175  0.280805792491786
8.59030073609246  0.351652196848468
6.88534131350878  -2.71864158064448
2.18428971283903  -2.64677580012866
1.21467028740349  -2.57421365403357
0.803816987563254  -2.5008062732234
0.580278137581574  -2.42637984970055
0.441516776378781  -2.35072853205377
0.347971623054199  -2.27360516056137
0.281205926301023  -2.19470901680125
0.231501658323621  -2.11366941562121
0.193270225059378  -2.03002346242017
0.163082294596217  -1.94318556906882
0.13872584182839  -1.85240528887753
0.118717615820132  -1.75670863943721
0.102033442370116  -1.65481642514968
0.0879522973034069  -1.54503177630124
0.0759636495737639  -1.42509044680295
0.0657125734849678  -1.29197815174417
0.0569693756681596  -1.14175756437104
0.0496164032824122  -0.969555193406011
0.0436459293938255  -0.770100986647851
0.0391580465096355  -0.53956673782695
0.0363354078334952  -0.279317924965131
0.0353669887562939  7.67677766301496E-17
0.0363354078334952  0.279317924965131
0.0391580465096355  0.53956673782695
0.0436459293938255  0.770100986647851
0.0496164032824122  0.969555193406011
0.0569693756681596  1.14175756437104
0.0657125734849678  1.29197815174417
0.0759636495737639  1.42509044680295
0.0879522973034069  1.54503177630124
0.102033442370116  1.65481642514968
0.118717615820132  1.75670863943721
0.13872584182839  1.85240528887753
0.163082294596217  1.94318556906882
0.193270225059378  2.03002346242017
0.231501658323621  2.11366941562121
0.281205926301023  2.19470901680125
0.347971623054199  2.27360516056137
0.441516776378781  2.35072853205377
0.580278137581574  2.42637984970055
0.803816987563254  2.5008062732234
1.21467028740349  2.57421365403357
2.18428971283903  2.64677580012866
6.88534131350878  2.71864158064448
8.59030073609246  -0.351652196848468
3.04286867796175  -0.280805792491786
2.03005421237122  -0.210308919094468
1.64166311650104  -0.140067204567342
1.47310494931485  -0.0699923608068519
