1120
1.31152837823056  1.42443115778059
1.29530887803607  1.40681574526223
1.24704234036968  1.35439369509567
1.16789605041316  1.26842764772377
1.05978736379346  1.15098917490275
0.925343905361261  1.00491040211343
0.767855016497991  0.833718101718417
0.591233754694682  0.641552580861642
0.400082248738789  0.433077361033097
0.200699596973522  0.213420630161737
0.0518607649518079  0.0167294650266583
0.227740202255503  0.239045616144162
0.428913674639575  0.460029891781416
0.622131546695108  0.670590260028392
0.80134259723259  0.865475959870159
0.961811534833976  1.03983927362111
1.09941499621589  1.18931310456028
1.21061347221808  1.3101109405377
1.29250464819846  1.39911806390345
1.34288429339688  1.45396846881927
1.36029811488876  1.47310494931485
1.34407911968796  1.45582070166529
1.29436821754637  1.40228133137022
1.2121172024103  1.31352664405501
1.09907434528187  1.1914520889246
0.957754431105044  1.03877023985581
0.791399072237376  0.858953317076696
0.60394831300689  0.656158850830272
0.400132146262136  0.435144870187672
0.186805954252698  0.201226901697932
0.0663111185962589  0.0420585000156387
0.273825045711655  0.283919961061672
0.493252398977757  0.522624778167713
0.704543212355478  0.751191809560384
0.901480378550396  0.963870063872259
1.07883315667115  1.15525787123147
1.23191542744998  1.32040511731087
1.35660373567915  1.45493015026165
1.44941434362758  1.55512828679258
1.50758398391273  1.61806673931161
1.5291407037654  1.64166311650104
1.51295972710889  1.6247453990042
1.45880183425284  1.56709179662282
1.36733297627846  1.4694493682656
1.24012486145198  1.3335307770591
1.07963780144218  1.16198908461055
0.889191058530823  0.958371135467757
0.672941402882575  0.72705124550441
0.435985357526409  0.473151599730342
0.185985093027747  0.202513038620979
0.0978568329722284  0.0799953604417981
0.35578739335083  0.364824134069045
0.619575692618279  0.64733194365651
0.875206451522265  0.920108183696086
1.11562247151202  1.17627609460841
1.33444019390969  1.40922215508643
1.52573113296947  1.61273225872242
1.68409656037028  1.78113768883898
1.80478184624588  1.90945421234678
1.88379159907405  1.99350930745317
1.91799475877594  2.03005421237122
1.90521480662374  2.01685807359668
1.84430216680269  1.95278190984524
1.73518685186694  1.83783054589949
1.57891027915684  1.6731811430644
1.37763653054066  1.46118747873162
1.13464673309981  1.20535977334886
0.854333786888595  0.910321002406735
0.542302610999079  0.581745255426071
0.207111162217562  0.226349071550974
0.163682692996336  0.149416619124246
0.52745171605852  0.535546222172025
0.898330291790615  0.924588984105151
1.26400474409881  1.30723173608568
1.6152052936559  1.67414859722408
1.94287120680062  2.01599349079936
2.23811628830411  2.32357336698715
2.4923647297495  2.58803085300283
2.69751329103414  2.80102476699662
2.84609487548444  2.95490367321366
2.9314351071299  3.04286867796175
2.94779720170895  3.05912205246822
2.89051164770183  2.99899858788594
2.75608788613844  2.85907693743571
2.54230580758067  2.63726860179872
2.24828582021436  2.33288267737838
1.87453846333746  1.94666505603999
1.42300320473911  1.48081169970201
0.897144904333079  0.938959156457914
0.303349860209212  0.326214165232689
0.363826602307528  0.351688548779582
1.07893069464856  1.08617306084133
1.84428183659244  1.86915181360212
2.64925121761978  2.69088094731946
3.48359982983916  3.54087322307256
4.3365373678313  4.4080034235582
5.19680756640364  5.28068871802194
6.05285610537231  6.14708243181423
6.8930181682759  6.99527410027059
7.70571248845985  7.81349149955046
8.4796359343404  8.59030073609246
9.20395429775128  9.31480061298762
9.86848548344668  9.976807636358
10.4638716010522  10.5670282236401
10.9817367363188  11.0772149361182
11.4148274822115  11.5003038780551
11.7571336565872  11.8305307787573
12.0039870226435  12.0635236945147
12.1521362561983  12.196370726039
12.1997968629068  12.2276616344405
12.1466752301342  12.1575027450002
11.9939664930282  11.9875050427608
11.7443263926662  11.7207458769112
11.4018177961862  11.3617051918103
10.9718330248963  10.9161776813619
10.4609935872434  10.3911627108948
9.87702933054247  9.79473425803989
9.22863940068673  9.13589348353923
8.52533772593003  8.42440684772807
7.7772860139351  7.6706329330808
6.99511746736809  6.88534131350878
6.18975458260955  6.0795269243769
5.37222450604935  5.26422343261274
4.55347550873916  4.45031908560328
3.7441982856813  3.64837843799297
2.95465628572235  2.86847324077919
2.19453140563048  2.12002572362751
1.47280248722996  1.41166805749759
0.797763547339723  0.751128261629929
0.180012380109613  0.145399082652783
0.39127866602139  0.401287416282173
0.888530029703011  0.882792395732509
1.31910159184947  1.29672033479539
1.67973542769304  1.64105912135398
1.96916561680779  1.91506782777693
2.18744100459821  2.11920948113888
2.3358160135583  2.25509779982649
2.41667496264632  2.32542748761173
2.43344794984443  2.33388715036143
2.39051258141944  2.28505644625066
2.29308185980455  2.18428971283903
2.14708014119455  2.03758861829476
1.95900971964518  1.85146657521459
1.73581102319355  1.63280777993683
1.4847199655204  1.38872382337001
1.21312736778374  1.1264109211581
0.928450346853228  0.853011188947998
0.638050551777268  0.575483615988843
0.349439491836025  0.300511298440755
0.077929652382761  0.0358881872182514
0.208995604490385  0.218502469815704
0.456067550304628  0.451007445302228
0.681164025305057  0.659900139292484
0.878820517280796  0.841500360707518
1.04560155517887  0.99299454628588
1.17907448427084  1.11239437625989
1.27770050768875  1.19853310871368
1.34080250414517  1.25105105898241
1.36853487973052  1.27036620310425
1.36184269179219  1.25763010048115
1.32240779365677  1.21467028740349
1.25258247215211  1.1439207070238
1.15531209928679  1.04834200712015
1.03404900620496  0.931333742463662
0.892660696358017  0.796640713156311
0.735337730816515  0.648255973489899
0.566514569764403  0.490323993056829
0.390856601825325  0.327052503947711
0.213700528799013  0.162691976706699
0.0532218851447803  0.0121165997496868
0.146150756073076  0.155372242087486
0.304878645013354  0.300458230201186
0.452828935871697  0.432608035053462
0.585079552921932  0.549036970933337
0.698713019197942  0.647525628253075
0.791562593878147  0.726376237991627
0.862079226867072  0.784422298073764
0.909309684825322  0.82103380518678
0.93288734857523  0.836111907307787
0.933017527060479  0.830072189007748
0.910453087027014  0.803816987563254
0.866459791201484  0.75869760574186
0.802772083289887  0.696467576097524
0.721540928926604  0.619228369893981
0.625276513508203  0.529369213407231
0.51679158279265  0.42950319127353
0.399162015944155  0.322403589113412
0.275775777140346  0.210954362418203
0.150999363975009  0.0982399690584023
0.0449527199365688  0.0190435943895318
0.113951618270371  0.12304331450726
0.228118297628238  0.224306461654945
0.336302447610182  0.31705682857019
0.434012161364908  0.399170680130276
0.518787731657614  0.468945869514604
0.588805757718037  0.525047806620689
0.642715928194802  0.566517174035675
0.679614653124102  0.592778258124022
0.699039981829899  0.603640289888056
0.700965597657399  0.599290398108724
0.685788286264772  0.580278137581574
0.654307553342575  0.547492055347579
0.607697640191831  0.502129051934591
0.547473194603591  0.445657550749348
0.475451277511122  0.379775834822445
0.393716045155101  0.306367717195719
0.304605810507182  0.227460791280461
0.210809750983449  0.145211079140265
0.116223317511257  0.0621785238262769
0.0413164002289707  0.0255992376105077
0.0941890870364098  0.103267922328377
0.181790144823524  0.178561227939297
0.266006356461378  0.247674209964216
0.342645578006968  0.308931077620786
0.409570423715584  0.360998155805526
0.465222741440017  0.402821846999157
0.508434582180428  0.433631846367838
0.538394732763579  0.452948453417444
0.554643069822036  0.460585457946752
0.557067446334002  0.456646809066438
0.545896473664284  0.441516776378781
0.521686390028659  0.415843841892186
0.485301961784228  0.380518862879669
0.437892483923711  0.336648328870185
0.380865560311012  0.285523994870718
0.315865572175117  0.228591429910274
0.244779256209809  0.167425260688754
0.16986892423167  0.103753032629727
0.094769465795244  0.0400945772241434
0.0391448693220217  0.0296717296569476
0.0807221561894199  0.0898796632718383
0.150847706270666  0.148180539355267
0.219188769543667  0.201713440754992
0.281775516969946  0.249116279117052
0.33669892462929  0.289319229529753
0.382597833018396  0.321477985244101
0.418449501665493  0.344972560857627
0.443529300092033  0.359412611187416
0.457403205123311  0.364640181293274
0.459925450748765  0.360727822693993
0.451233902971126  0.347971623054199
0.431741001706107  0.326879257882234
0.402120017447941  0.298153492252491
0.363287581184903  0.262671893329934
0.316385214972772  0.221464155378456
0.262767274196309  0.175690420960693
0.204019901508829  0.126632866287211
0.142121392824076  0.0757755682398918
0.0805312143055325  0.0262173715330578
0.0374981612765551  0.0322305062392306
0.0708968775822186  0.0802074889941637
0.128750496335093  0.126627666621317
0.185886203787559  0.169215506267778
0.238511078896643  0.206837683155559
0.284883341437897  0.238618600734041
0.323790132823912  0.263871686036779
0.35432237545751  0.282094434322996
0.375828526705026  0.292971642632986
0.387904981527164  0.296377460420313
0.390393648196737  0.292373997414115
0.38337865211957  0.281205926301023
0.367179747073073  0.263291114072589
0.3423420419101  0.239207667632731
0.309622934691761  0.209678197580841
0.269979035046283  0.175553039476382
0.224560881272642  0.137797339063842
0.174741643681531  0.0975020345362516
0.122296647094337  0.0560550615707064
0.0705391339324735  0.0181986953438393
0.0360746185046669  0.0338943587741197
0.0633763079440577  0.0729027715635922
0.112199647371365  0.110606930047069
0.161053482383018  0.145139064112453
0.206293753321817  0.175538861272336
0.246305555747748  0.201077823598619
0.279990285769252  0.221190711784696
0.306528638537015  0.235467548037418
0.325329394232469  0.243654928593887
0.33601783513141  0.245657214019082
0.338432918903912  0.241535203785404
0.332624675932242  0.231501658323621
0.318849206099336  0.215913666951818
0.297560779185349  0.195262263804916
0.269401884104137  0.170160252251929
0.235194048371496  0.141330609945939
0.195937510355297  0.109602974366944
0.152846961480014  0.0759516899397967
0.107543502359387  0.0418266234837856
0.0632000358967736  0.0151193710496363
0.0347709378481479  0.0350207098390122
0.057412123774448  0.067209180109284
0.0993521491901786  0.0982780620948111
0.141866687301918  0.126663442967615
0.181442031590963  0.151540086335129
0.216562718303631  0.172293811919625
0.246220275775673  0.18845468680865
0.269667413208221  0.199686649975527
0.286362715287573  0.205787135005753
0.295957289537019  0.206687395085346
0.298291425421715  0.202451057387307
0.293392347178282  0.193270225059378
0.281470274718981  0.179459125262027
0.262912215794497  0.161445786016753
0.238274296617467  0.139763008247845
0.20827547240142  0.115042085259242
0.173800861201803  0.0880211313162214
0.135942441008754  0.0596249410646958
0.0961979498153539  0.0315812185306981
0.0575981283156625  0.0156254739743989
0.0335497756094829  0.0358223176826309
0.0525518130253212  0.0626687883539267
0.0890981662746649  0.0885336170091802
0.126624412915894  0.112089934419522
0.161734130505843  0.13262099013105
0.192992092404792  0.149603537529883
0.219462511708181  0.162643996052149
0.240456835497382  0.17146629190367
0.255475099912285  0.175910030970882
0.264191043126586  0.175930017924459
0.266448234198698  0.171594622283419
0.262257994755193  0.163082294596217
0.251796199197414  0.150676271648594
0.235398311227427  0.134758118469
0.213553429004006  0.115801900341549
0.186900178364538  0.0943742320480705
0.156232756132423  0.0711593998715333
0.122544965523572  0.0471072931759005
0.0872317310008035  0.0245422386978403
0.0531791220084327  0.0177624711381265
0.0323966718689205  0.0364311743012516
0.0485050348561451  0.0589877406709608
0.0807298131327891  0.0806678161417999
0.114241908239116  0.10033596407482
0.145752352648624  0.11736486911327
0.173892337966075  0.131305197316467
0.197785868992437  0.141825682573258
0.216793075444493  0.14869972093276
0.230448859625562  0.15180232829707
0.238446697987197  0.15110894367549
0.24063426589315  0.146693607945484
0.237011422855588  0.13872584182839
0.227727540691524  0.127466356599471
0.213077478121826  0.113262534169214
0.193496939758644  0.0965463421081746
0.169560036407692  0.0778428902006468
0.141987321746196  0.0578211080751485
0.111691914733356  0.0375534694198965
0.079980336487009  0.0203571543576413
0.0495934556329157  0.0203239705050578
0.0313051754134895  0.0369325207586013
0.0450765490090884  0.0559687299519381
0.0737745279675613  0.0742099748185426
0.103995816429991  0.0906798497229385
0.132551094828692  0.104826644311997
0.158127773195769  0.116262381207657
0.179899924350434  0.124707582982243
0.197268629624773  0.12997711787295
0.209798446908539  0.131976173567135
0.217200100922452  0.130698455861841
0.219325647435078  0.126224232852184
0.216166462390948  0.118717615820132
0.207850955542263  0.108423384252651
0.194641266162376  0.0956647715921515
0.176929643912422  0.0808462990482113
0.155237291785754  0.0644746973641249
0.130223850779844  0.0472494871781848
0.102734648699982  0.0304972702869569
0.0739984475700011  0.0187378835184153
0.0466129433870595  0.0228649805234891
0.0302715329625729  0.0373835883559037
0.0421299672327842  0.053474453455668
0.0679049378551595  0.068834407847307
0.0953858120612334  0.0826224463209043
0.121476436972828  0.0943524035573429
0.144912735319601  0.103688360008238
0.164911375005309  0.110394697661503
0.180908354484555  0.114321672559018
0.192493731122237  0.11540064169223
0.199393375490549  0.113641792602629
0.201463724097164  0.109132158381709
0.19868973918346  0.102033442370116
0.19118290897545  0.0925802543919747
0.179178506544066  0.0810809524909102
0.163032774744219  0.0679274552433049
0.143222760095485  0.0536347313383757
0.120356827339458  0.038992036748904
0.0952223059438419  0.0257278612329552
0.0689784556553829  0.0191214041215991
0.0440840775737727  0.025267044821385
0.029292796871019  0.0378243700814481
0.039566960618109  0.0514066289394031
0.0628871731683459  0.0643087740743397
0.08805516025417  0.0758077010536816
0.112062368595788  0.0854755800105652
0.133687286375312  0.0930217392698032
0.152183333261795  0.0982484986112108
0.167016645876708  0.101036937009311
0.177799433521534  0.101341628431529
0.184270948322671  0.0991880738887965
0.186291875384187  0.0946708602139831
0.183842245706408  0.0879522973034069
0.177019652820144  0.0792626123358683
0.166036957176475  0.0689051188041666
0.151220109610377  0.0572762303451801
0.133008751963184  0.0449322362445666
0.111967440121659  0.0328225273724614
0.0888331436038307  0.023139215658523
0.0647023038768874  0.020761794806385
0.0419007621404196  0.0275239161201049
0.0283661908209887  0.0382840720075046
0.0373147335691103  0.0496933504048619
0.0585497739097265  0.0604630044187871
0.0817428944147265  0.0699748140865853
0.103968237281848  0.0778543492322239
0.124042174738582  0.0838513938212212
0.141250236164089  0.0878019370690165
0.155084859829702  0.0896146105517858
0.165177682850731  0.0892652241026359
0.171279857977232  0.0867941274853176
0.173256127326139  0.0823047812714603
0.171082680293204  0.0759636495737639
0.164845535684388  0.0680032293005999
0.154738602439705  0.0587334503534089
0.141062013908769  0.0485761774197427
0.124223321269483  0.0381678201241276
0.104749177979674  0.0286705699610161
0.0833322927263371  0.0225264360305767
0.0610118894271204  0.0230637723284955
0.0399878406337904  0.0296649623899159
0.0274889377786755  0.0387851340111751
0.035318161296157  0.0482811611552078
0.0547642172943718  0.0571698437897476
0.0762538625471678  0.0649282534382777
0.0969395349449542  0.0712323593855494
0.115671738004304  0.0758693782558633
0.131764369013837  0.0787061892959191
0.144733048618705  0.0796769296336897
0.154226602149264  0.0787776767036608
0.160006835518165  0.0760640491911005
0.16194233484828  0.071650589465984
0.160006266943783  0.0657125734849678
0.154274889450428  0.0584931020732467
0.144925899234311  0.0503230335430472
0.132237177750386  0.0416734885614487
0.116588441340048  0.0332915901436226
0.0984731975493442  0.0265089243418303
0.0785448647376551  0.0234828678657393
0.0577902668290148  0.0256856500185685
0.0382908515725984  0.0317290661822529
0.026658249152677  0.0393458393858805
0.0335346789381167  0.0471299207942716
0.051432299305861  0.0543322400896405
0.0714393212112003  0.0605183009187012
0.0907824789636587  0.0654132519101589
0.108343347881606  0.0688404327909473
0.123461136351883  0.0706963422615494
0.135672081174536  0.0709398963668714
0.144640336302004  0.0695876786063801
0.1501373045124  0.0667121977401111
0.152035201105614  0.0624426289685548
0.150304797915769  0.0569693756681596
0.145014033538544  0.0505564684078927
0.136326595802551  0.0435711840329419
0.124500999592311  0.0365507893235128
0.10989258725257  0.0303346544060993
0.0929656119051437  0.026203830242879
0.0743383243346327  0.0255236540109691
0.0549493715746749  0.0284662453647862
0.0367694916698466  0.0337560207643033
0.025871361042481  0.0399820868920622
0.0319308576944393  0.046209395243119
0.0484777134970872  0.0518749235156424
0.0671839916095628  0.0566280407633266
0.0853470534175892  0.0602436403795724
0.10187701253426  0.0625817337898571
0.11613586016667  0.0635689154472267
0.127678314800995  0.0631897895510068
0.136182300264297  0.061483286256219
0.141427916326525  0.0585420869299735
0.143290800571834  0.0545153102666588
0.141739818938071  0.0496164032824122
0.136835754908538  0.0441406357045242
0.128730083846262  0.0384997195473898
0.117664320738211  0.0332794785983736
0.103972286489435  0.0292905557429263
0.0880922081352625  0.0274482197047866
0.0706106404625046  0.0282578070693188
0.0524218049545741  0.0313435935318298
0.035393347677655  0.0357841576814652
0.0251255759422789  0.0407086617686728
0.0304800501275279  0.04549694938315
0.045840285008929  0.0497386335172227
0.0633972041545374  0.0531644135381037
0.0805154066909428  0.0556014501962365
0.0961314161384136  0.0569492285118319
0.109627891360038  0.0571672045024005
0.120576239030137  0.0562688427100756
0.128666834514277  0.0543194985008213
0.13368770300668  0.0514374188535749
0.135517709877708  0.0477984318560467
0.13412420184205  0.0436459293938255
0.129561759038918  0.0393078889775058
0.12197112762059  0.0352184568250526
0.111578787336981  0.0319229361692751
0.0986994170918779  0.030003123255351
0.0837479290161039  0.0298554095013596
0.0672821429601917  0.0314412797184477
0.0501552175529005  0.0343065566633919
0.0341390501592056  0.037850262301602
0.0244182965062251  0.041540212579605
0.0291607329910309  0.0449759711764039
0.0434719326591971  0.0478760650116105
0.0600067034422929  0.0500519023445486
0.0761937361195529  0.0513877632366682
0.0909941522051819  0.0518284161203928
0.103809489844752  0.0513722466744039
0.114226322613306  0.0500680865000157
0.121946352954111  0.0480148054416286
0.126764865597451  0.0453633888632406
0.128563773211882  0.0423213370459464
0.127309212858103  0.0391580465096355
0.123050348614277  0.0362055918776989
0.115918435451275  0.0338400638099147
0.106126566301989  0.0324195663948009
0.0939722840529392  0.0321723972077395
0.0798494875183315  0.0330941147844625
0.064289814974066  0.0349478319719069
0.0481083952902055  0.0373704908152765
0.0329883381290293  0.0399903496241672
0.0237470487076109  0.0424920687642537
0.0279553168975266  0.0446347999025781
0.0413337841758247  0.0462489568887947
0.0569542277832821  0.0472279592352817
0.0723064991642691  0.0475210333836891
0.0863747564570701  0.0471283684839266
0.0985778901218796  0.0460984206567277
0.108516338879814  0.0445268414068481
0.115902165517225  0.042556303248717
0.12053733590108  0.0403757826629633
0.122306643638767  0.0382160817871058
0.121175266675758  0.0363354078334952
0.117187610926148  0.0349868151934896
0.110466483638497  0.0343648787147043
0.101212987255105  0.0345478481158622
0.0897092358959429  0.035469926836283
0.0763300876692673  0.0369454765600025
0.0615832216360755  0.038727698544454
0.0462484844837764  0.0405658008111527
0.0319267189517433  0.0422407864367321
0.0231094954618906  0.0435809943200356
0.0268492756027889  0.0444660176379083
0.0393940782077858  0.0448259533475734
0.0541922987379736  0.0446395995512909
0.068792211072244  0.04393298384367
0.0821996494678854  0.0427784394430066
0.0938495410263142  0.0412936880153031
0.10335506660241  0.0396394395737188
0.110437811992122  0.0380124959904981
0.114905918638663  0.0366295439839315
0.116646908222679  0.0356968435226493
0.115625204241296  0.0353669887562939
0.111881009229888  0.0356968435226493
0.105529569887672  0.0366295439839315
0.0967611911119041  0.0380124959904981
0.0858440236506886  0.0396394395737188
0.0731355899258127  0.0412936880153031
0.0591215594689176  0.0427784394430066
0.0445489933326375  0.04393298384367
0.0309425245032813  0.0446395995512909
0.0225034427762286  0.0448259533475734
0.0258304985978414  0.0444660176379083
0.0376266139155948  0.0435809943200356
0.0516818521152296  0.0422407864367321
0.0656003457251378  0.0405658008111527
0.0784084075901324  0.038727698544454
0.089555858246526  0.0369454765600025
0.0986676445087314  0.035469926836283
0.105474144867187  0.0345478481158622
0.10978923178141  0.0343648787147043
0.111503014655442  0.0349868151934896
0.11057933107937  0.0363354078334952
0.10705465185401  0.0382160817871058
0.101037423367775  0.0403757826629633
0.0927081800473531  0.042556303248717
0.0823223767073996  0.0445268414068481
0.0702216849427069  0.0460984206567277
0.056871486930913  0.0471283684839266
0.0429883317107801  0.0475210333836891
0.0300262357093316  0.0472279592352817
0.0219268404644372  0.0462489568887947
0.0248888025945233  0.0446347999025781
0.0360095885379724  0.0424920687642537
0.0493904646049055  0.0399903496241672
0.0626890172191643  0.0373704908152765
0.0749509740212185  0.0349478319719069
0.0856400478499439  0.0330941147844625
0.0943920969525528  0.0321723972077395
0.100945651385101  0.0324195663948009
0.105119921455809  0.0338400638099147
0.106807475360541  0.0362055918776989
0.105971704531455  0.0391580465096355
0.102645751928276  0.0423213370459464
0.0969319197312177  0.0453633888632405
0.0890018623519195  0.0480148054416286
0.0790994424712443  0.0500680865000156
0.0675517827030227  0.0513722466744039
0.0548055080941722  0.0518284161203929
0.0415487299973887  0.0513877632366682
0.0291699918085502  0.0500519023445486
0.0213777791234469  0.0478760650116105
0.0240155579527673  0.0449759711764039
0.0345247143327275  0.041540212579605
0.0472910088527659  0.037850262301602
0.0600232228472882  0.0343065566633919
0.0717855458992533  0.0314412797184477
0.0820547000721591  0.0298554095013596
0.0904767020994732  0.030003123255351
0.0967976673415349  0.0319229361692751
0.100841794343541  0.0352184568250526
0.102503991482214  0.0393078889775058
0.101747320586453  0.0436459293938255
0.0986019449289752  0.0477984318560467
0.0931645923686941  0.0514374188535749
0.0855988142176494  0.0543194985008213
0.0761378483262583  0.0562688427100757
0.0650954166160417  0.0571672045024005
0.0529007536983646  0.0569492285118319
0.0402154286193479  0.0556014501962365
0.0283672287105497  0.0531644135381037
0.0208544846763891  0.0497386335172227
0.0232033995118969  0.04549694938315
0.0331565396696984  0.0407086617686728
0.0453606212471301  0.0357841576814652
0.0575734956663604  0.0313435935318298
0.0688769545704275  0.0282578070693188
0.0787599450697365  0.0274482197047866
0.0868779748969965  0.0292905557429263
0.0929842417386022  0.0332794785983736
0.0969076198959017  0.0384997195473898
0.0985452485981534  0.0441406357045242
0.0978599577607324  0.0496164032824122
0.094879232866575  0.0545153102666588
0.0896947253644498  0.0585420869299735
0.0824625652457456  0.061483286256219
0.0734062180373771  0.0631897895510068
0.0628270233263567  0.0635689154472267
0.0511380514907558  0.0625817337898571
0.0389760634988898  0.0602436403795724
0.0276124088761425  0.0566280407633266
0.02035531144229  0.0518749235156424
0.0224460002556094  0.046209395243119
0.0318919213244165  0.0399820868920622
0.0435799010126257  0.0337560207643033
0.0553148598752842  0.0284662453647862
0.0661954104043582  0.0255236540109691
0.0757220240752346  0.0262038302428791
0.0835591045390837  0.0303346544060993
0.0894664826731146  0.0365507893235128
0.0932774278887703  0.0435711840329419
0.0948912092706854  0.0505564684078927
0.0942705070346806  0.0569693756681596
0.0914403920796281  0.0624426289685548
0.0864878768086445  0.0667121977401111
0.0795622713549523  0.0695876786063801
0.0708780241540479  0.0709398963668714
0.0607250000363978  0.0706963422615495
0.0495012097551999  0.0688404327909473
0.0378201950149002  0.0654132519101589
0.0269008169701316  0.0605183009187012
0.0198787344167413  0.0543322400896405
0.0217378923429766  0.0471299207942716
0.0307196101429802  0.0393458393858805
0.0419322825045246  0.0317290661822529
0.0532260128063957  0.0256856500185685
0.0637155203617927  0.0234828678657393
0.0729121713363437  0.0265089243418303
0.0804887319758865  0.0332915901436226
0.0862112633102166  0.0416734885614487
0.089917176660155  0.0503230335430473
0.0915077774433175  0.0584931020732467
0.0909456655965871  0.0657125734849678
0.08825372804327  0.071650589465984
0.0835147242163819  0.0760640491911005
0.076871677579653  0.0787776767036608
0.0685306917120813  0.0796769296336897
0.0587709691595267  0.0787061892959191
0.0479764597411942  0.0758693782558633
0.0367389433045669  0.0712323593855494
0.0262284033943719  0.0649282534382777
0.0194233412386629  0.0571698437897476
0.021074324259358  0.0482811611552078
0.0296299226824819  0.0387851340111751
0.0404035386642885  0.0296649623899159
0.0512886784189388  0.0230637723284955
0.0614155119238299  0.0225264360305767
0.0703057311652082  0.0286705699610161
0.0776399846667189  0.0381678201241276
0.0831902002715831  0.0485761774197427
0.0867977017969338  0.0587334503534089
0.088365744183221  0.0680032293005999
0.087856905860165  0.0759636495737639
0.0852920927397617  0.0823047812714603
0.0807501536341847  0.0867941274853176
0.0743683001203412  0.0892652241026359
0.0663448918914984  0.0896146105517858
0.05694919951686  0.0878019370690165
0.0465520177849187  0.0838513938212212
0.0357247032081864  0.0778543492322239
0.025591663105051  0.0699748140865853
0.0189878241641495  0.0604630044187871
0.0204511458056383  0.0496933504048619
0.0286144787375988  0.0382840720075046
0.0389813848409385  0.0275239161201049
0.049487091939181  0.020761794806385
0.0592766147720562  0.023139215658523
0.0678814546872439  0.0328225273724614
0.0749897079378875  0.0449322362445666
0.0803788402225748  0.0572762303451801
0.0838938791650647  0.0689051188041666
0.0854399484560665  0.0792626123358683
0.0849796548713799  0.0879522973034069
0.0825321026900603  0.0946708602139831
0.0781725349528581  0.0991880738887965
0.0720327758749265  0.101341628431529
0.0643039806877912  0.101036937009311
0.0552461469014672  0.0982484986112108
0.0452177384815056  0.0930217392698032
0.034770919465205  0.0854755800105652
0.0249875407359626  0.0758077010536816
0.0185709722571846  0.0643087740743397
0.0198647147550376  0.0514066289394031
0.0276659898502752  0.0378243700814481
0.0376551601586461  0.025267044821385
0.0478075857568305  0.0191214041215991
0.0572825642203791  0.0257278612329552
0.0656209352544164  0.038992036748904
0.0725178480352874  0.0536347313383757
0.07775600709294  0.0679274552433049
0.0811839533108284  0.0810809524909102
0.0827086037999313  0.0925802543919746
0.0822926360247149  0.102033442370116
0.0799535117741977  0.109132158381709
0.075763140830864  0.113641792602629
0.0698483410925048  0.11540064169223
0.06239354931243  0.114321672559018
0.0536500865038529  0.110394697661503
0.0439648377637088  0.103688360008238
0.0338719079252516  0.0943524035573429
0.0244133555523273  0.0826224463209043
0.0181716639280194  0.068834407847307
0.019311820529122  0.053474453455668
0.0267780876275818  0.0373835883559037
0.0364155693397231  0.0228649805234891
0.0462382542024948  0.0187378835184153
0.055419199455863  0.0304972702869569
0.063508151812985  0.0472494871781848
0.070206953260688  0.0644746973641249
0.0753032743300292  0.0808462990482113
0.0786489945755085  0.0956647715921515
0.0801527541169381  0.108423384252651
0.0797773370937351  0.118717615820132
0.077538704497566  0.126224232852184
0.073505677340521  0.130698455861841
0.0678004104405925  0.131976173567135
0.0606010614236753  0.12997711787295
0.0521508166432364  0.124707582982243
0.0427856701203519  0.116262381207657
0.0330227122177089  0.104826644311997
0.0238667415120556  0.0906798497229385
0.0177888598947158  0.0742099748185426
0.0187896213557687  0.0559687299519381
0.0259451834043442  0.0369325207586013
0.0352544720551079  0.0203239705050578
0.0447686802902851  0.0203571543576412
0.0536741362247619  0.0375534694198965
0.0615290970167721  0.0578211080751485
0.0680417677906101  0.0778428902006468
0.0730045352786529  0.0965463421081746
0.0762724572177044  0.113262534169214
0.0777558307819472  0.127466356599471
0.077417577368872  0.13872584182839
0.0752722837455978  0.146693607945484
0.0713859022380774  0.15110894367549
0.0658762347950001  0.15180232829707
0.0589155583857086  0.14869972093276
0.050739418299096  0.141825682573258
0.0416735480880509  0.131305197316467
0.0322189879776671  0.11736486911327
0.0233455989523808  0.10033596407482
0.0174215966052181  0.0806678161417999
0.0182955921918317  0.0589877406709608
0.0251623527807967  0.0364311743012516
0.0341647099324124  0.0177624711381265
0.0433897115185573  0.0245422386978403
0.0520364984304773  0.0471072931759005
0.0596714723848586  0.0711593998715334
0.0660088988057448  0.0943742320480705
0.0708456511680196  0.115801900341549
0.0740398174133341  0.134758118469
0.075503289865758  0.150676271648594
0.0751991531528717  0.163082294596217
0.0731407332315504  0.171594622283419
0.0693913124825479  0.175930017924459
0.0640646212184784  0.175910030970882
0.0573274182325063  0.17146629190367
0.0494080586436389  0.162643996052149
0.0406225950063244  0.149603537529883
0.0314569086598681  0.13262099013105
0.0228480553083426  0.112089934419522
0.0170689801314895  0.0885336170091802
0.0178274813046761  0.0626687883539266
0.0244252400463624  0.0358223176826309
0.0331399636207071  0.0156254739743989
0.042093274795317  0.0315812185306981
0.0504966966926177  0.0596249410646958
0.0579244368873344  0.0880211313162214
0.064096542030426  0.115042085259242
0.0688141609232056  0.139763008247845
0.0719382748815997  0.161445786016753
0.0733823131655706  0.179459125262027
0.0731095456557654  0.193270225059378
0.0711321394146215  0.202451057387307
0.0675108868752831  0.206687395085346
0.06235570242006  0.205787135005753
0.0558281573338734  0.199686649975527
0.0481498295216946  0.18845468680865
0.0396276241382612  0.172293811919625
0.0307330883944098  0.151540086335129
0.0223724329124476  0.126663442967615
0.0167301805301661  0.0982780620948111
0.0173832738670767  0.067209180109284
0.0237299786110877  0.0350207098390122
0.0321746340109641  0.0151193710496363
0.0408722227812214  0.0418266234837856
0.0490462445981839  0.0759516899397967
0.0562783984004315  0.109602974366944
0.0622942541290228  0.141330609945939
0.066899040564911  0.170160252251929
0.0699565055374667  0.195262263804916
0.071381560400815  0.215913666951818
0.0711376789189908  0.231501658323621
0.0692359610894918  0.241535203785404
0.0657348728721893  0.245657214019082
0.0607407458508965  0.243654928593887
0.05441026624589  0.235467548037418
0.0469586138770261  0.221190711784696
0.0386840388343496  0.201077823598619
0.0300445183932548  0.175538861272336
0.0219172223945674  0.145139064112453
0.0164044266532684  0.110606930047069
0.0169611612696986  0.0729027715635922
0.0230731244063842  0.0338943587741197
0.03126374299566  0.0181986953438393
0.0397202056249072  0.0560550615707064
0.0476776054012665  0.0975020345362516
0.0547248397813839  0.137797339063842
0.0605927629338297  0.175553039476382
0.065090502639269  0.209678197580841
0.0680844553293922  0.239207667632731
0.0694909627006146  0.263291114072589
0.0692737181078965  0.281205926301023
0.067442837434147  0.292373997414115
0.0640546090217653  0.296377460420313
0.0592119947544273  0.292971642632986
0.0530670731029351  0.282094434322996
0.0458289746711893  0.263871686036779
0.037787749602094  0.238618600734041
0.0293885142063002  0.206837683155559
0.0214810605476582  0.169215506267778
0.0160910013859051  0.126627666621317
0.0165595151233252  0.0802074889941637
0.0224515998576869  0.0322305062392306
0.0304028501299823  0.0262173715330578
0.0386315633463504  0.0757755682398918
0.0463840634699146  0.126632866287211
0.0532561730714105  0.175690420960693
0.0589838084035198  0.221464155378456
0.0633798281583975  0.262671893329934
0.0663131675210133  0.298153492252491
0.06770154961675  0.326879257882234
0.0675089005748521  0.347971623054199
0.0657444272713857  0.360727822693993
0.0624623763099622  0.364640181293274
0.0577625351339692  0.359412611187416
0.051792629334447  0.344972560857627
0.0447560620165548  0.321477985244101
0.0369351048424872  0.289319229529753
0.0287626717215113  0.249116279117052
0.0210627117828565  0.201713440754992
0.0157892372842826  0.148180539355267
0.0161768651299555  0.0898796632718383
0.0218626465245171  0.0296717296569476
0.0295879823089883  0.0400945772241434
0.0376012351073127  0.103753032629727
0.0451596159624268  0.167425260688754
0.0518656166842096  0.228591429910274
0.0574600086878191  0.285523994870718
0.0617592250967186  0.336648328870185
0.0646346372866632  0.380518862879669
0.0660053035129629  0.415843841892186
0.0658353936778683  0.441516776378781
0.0641332738095335  0.456646809066438
0.0609512730947801  0.460585457946752
0.0563861838623054  0.452948453417444
0.0505816135823251  0.433631846367838
0.0437355351449282  0.402821846999157
0.036122832700714  0.360998155805526
0.0281648302565156  0.308931077620786
0.0206610524912473  0.247674209964216
0.0154985125857441  0.178561227939297
0.0158118801629305  0.103267922328377
0.0213037848852661  0.0255992376105077
0.0288155741568689  0.0621785238262769
0.0366246823683808  0.145211079140265
0.0439988811303422  0.227460791280461
0.050547091480067  0.306367717195719
0.0560147468152887  0.379775834822445
0.0602217086970564  0.445657550749348
0.063041688735711  0.502129051934591
0.0643950364310079  0.547492055347579
0.0642461745626219  0.580278137581574
0.062602690294654  0.599290398108724
0.059515109396483  0.603640289888056
0.0550773941319977  0.592778258124022
0.0494292505382255  0.566517174035675
0.0427634965269379  0.525047806620689
0.0353479920064754  0.468945869514604
0.0275930414358779  0.399170680130276
0.0202750577763228  0.31705682857019
0.015218247562336  0.224306461654945
0.0154633520224612  0.12304331450726
0.0207727800419091  0.0190435943895318
0.028082417277826  0.0982399690584023
0.0356978235243116  0.210954362418203
0.0428970203577396  0.322403589113412
0.0492951324372556  0.42950319127353
0.0546420744092581  0.529369213407231
0.058760999781334  0.619228369893981
0.0615278704495924  0.696467576097524
0.0628642855061323  0.75869760574186
0.0627349280672887  0.803816987563254
0.0611466629142035  0.830072189007748
0.0581483171515864  0.836111907307787
0.0538311752025346  0.82103380518678
0.0483312420753022  0.784422298073764
0.0418364359958184  0.726376237991627
0.0346079306883248  0.647525628253075
0.0270455428157347  0.549036970933337
0.0199037901331632  0.432608035053462
0.0149479011900607  0.300458230201186
0.0151301814325088  0.155372242087486
0.0202676123538044  0.0121165997496868
0.0273856168736714  0.162691976706699
0.0348169780736214  0.327052503947711
0.0418496716046632  0.490323993056829
0.0481048132682469  0.648255973489899
0.0533366295326881  0.796640713156311
0.057371437997604  0.931333742463662
0.0600873663742353  1.04834200712015
0.0614072237660992  1.1439207070238
0.061295959654688  1.21467028740349
0.0597597680027284  1.25763010048115
0.0568458736980867  1.27036620310425
0.0526430239930643  1.25105105898241
0.047283708561394  1.19853310871368
0.040951183149864  1.11239437625989
0.0339002503652806  0.99299454628588
0.0265207354251122  0.841500360707518
0.019546389736561  0.659900139292484
0.0146869681071922  0.451007445302228
0.0148113659240339  0.218502469815704
0.0197864521946268  0.0358881872182514
0.0267225545139436  0.300511298440755
0.0339788187445532  0.575483615988843
0.0408528923626525  0.853011188947998
0.0469716818295164  1.1264109211581
0.0520935663111459  1.38872382337001
0.0560479075159421  1.63280777993683
0.0587149195086065  1.85146657521459
0.0600185837478813  2.03758861829476
0.0599241208633142  2.18428971283903
0.058437101160042  2.28505644625066
0.0556032362786702  2.33388715036143
0.0515088665360494  2.32542748761173
0.0462831386438632  2.25509779982649
0.0401048666384559  2.11920948113888
0.0332227760691331  1.91506782777693
0.0260171645554865  1.64105912135398
0.0192020660671057  1.29672033479539
0.0144349758365733  0.882792395732509
0.0145059893127915  0.401287416282173
0.0193276381734801  0.145399082652783
0.0260908560672151  0.751128261629929
0.0331803302901464  1.41166805749759
0.0399031105795048  2.12002572362751
0.0458917045712458  2.86847324077919
0.0509084944178981  3.64837843799297
0.0547857731461881  4.45031908560328
0.0574057663041603  5.26422343261274
0.0586935918417388  6.0795269243769
0.0586147452341  6.88534131350878
0.0571742163359288  7.6706329330808
0.054416285760001  8.42440684772807
0.050425007676664  9.13589348353923
0.0453263461153954  9.79473425803989
0.0392948791979588  10.3911627108948
0.0325735302482654  10.9161776813619
0.0255335032576937  11.3617051918103
0.018870090656403  11.7207458769112
0.0141914822485197  11.9875050427608
0.0142132125305889  12.1575027450002
0.0188896582787695  12.2276616344405
0.0254883639802433  12.196370726039
0.0324187738970262  12.0635236945147
0.0389970822889224  11.8305307787573
0.044861218590251  11.5003038780551
0.0497774268518525  11.0772149361182
0.0535808252176216  10.5670282236401
0.0561555800678772  9.976807636358
0.0574279116514729  9.31480061298762
0.0573635930405575  8.59030073609246
0.0559670732889037  7.81349149955046
0.0532812780938853  6.99527410027059
0.0493880876969818  6.14708243181423
0.0444104327240251  5.28068871802194
0.0385188475116077  4.4080034235582
0.0319507103604674  3.54087322307256
0.0250685381061553  2.69088094731946
0.0185497907735948  1.86915181360212
0.0139560732427233  1.08617306084133
0.0139322656099101  0.351688548779582
0.0184711334978983  0.326214165232689
0.0249131132345096  0.938959156457914
0.0316916563385936  1.48081169970201
0.0381318549040715  1.94666505603999
0.0438768901036561  2.33288267737838
0.0486967347170174  2.63726860179872
0.0524292318549026  2.85907693743571
0.0549604219644428  2.99899858788594
0.0562175949634137  3.05912205246822
0.0561668034470398  3.04286867796175
0.0548119921097094  2.95490367321366
0.0521948023085476  2.80102476699662
0.0483950447795446  2.58803085300283
0.0435327559938335  2.32357336698715
0.0377746061336183  2.01599349079936
0.0313526694872296  1.67414859722408
0.0246211568706011  1.30723173608568
0.0182405439077852  0.924588984105151
0.0137283606292971  0.535546222172025
0.0136624406550887  0.149416619124246
0.0180708035422017  0.226349071550974
0.0243633104250095  0.581745255426071
0.0309967031533448  0.910321002406735
0.0373047353141561  1.20535977334886
0.0429356783656897  1.46118747873162
0.0476631079361115  1.6731811430644
0.0513274975216612  1.83783054589949
0.0538166984570849  1.95278190984524
0.0550590391613568  2.01685807359668
0.0550208529591094  2.03005421237122
0.0537056137282234  1.99350930745317
0.0511537440295008  1.90945421234678
0.0474430824144286  1.78113768883898
0.0426909012861596  1.61273225872242
0.0370601748512096  1.40922215508643
0.030777899502268  1.17627609460841
0.024190337799607  0.920108183696086
0.0179417729268093  0.64733194365651
0.0135079801907985  0.364824134069045
0.0134030856603664  0.0799953604417981
0.0176875143685258  0.20251303862098
0.023837315499673  0.473151599730342
0.0303318352506549  0.72705124550441
0.0365132620689823  0.958371135467757
0.0420348042158875  1.16198908461055
0.0466735210122894  1.3335307770591
0.050272426895032  1.4694493682656
0.0527211242240609  1.56709179662282
0.0539489501226821  1.6247453990042
0.0539225192236074  1.64166311650104
0.0526448655068952  1.61806673931161
0.0501552537003607  1.55512828679258
0.0465296410071652  1.45493015026165
0.0418826574632043  1.32040511731087
0.0363737389659801  1.15525787123147
0.0302250164078518  0.963870063872259
0.0237751402718221  0.751191809560384
0.0176529418134757  0.522624778167713
0.0132945899086706  0.283919961061672
0.0131535990574311  0.0420585000156387
0.0173202072394378  0.201226901697932
0.023333625773991  0.435144870187672
0.0296951484453737  0.656158850830272
0.0357551810552179  0.858953317076696
0.0411717225819723  1.03877023985581
0.0457252031004675  1.1914520889246
0.0492610932905187  1.31352664405501
0.0516706897483909  1.40228133137022
0.0528843097918914  1.45582070166529
0.0528688493934144  1.47310494931485
0.0516269311737658  1.45396846881927
0.0491967188128043  1.39911806390345
0.0456523730693572  1.3101109405377
0.0411059956231043  1.18931310456028
0.035713632063477  1.03983927362111
0.0296927475179764  0.865475959870159
0.023374696612408  0.670590260028392
0.0173735518970974  0.460029891781416
0.0130878683390451  0.239045616144162
0.0129134248933641  0.0167294650266583
0.016967909105499  0.213420630161737
0.0228508618977869  0.433077361033097
0.0290848955035665  0.641552580861642
0.0350284241651115  0.833718101718417
0.0403440983710132  1.00491040211343
0.044815611770272  1.15098917490275
0.0482908109841011  1.26842764772377
0.0506626329096138  1.35439369509567
0.0518623477593104  1.40681574526223
