1120
0.0357971023791937  0.288346173472148
0.200317905202416  0.340011379568185
0.390789593907488  0.457901307978196
0.572366072186859  0.596405004418881
0.739593082730952  0.73396640694667
0.888013426646811  0.860179824985522
1.01375184416194  0.968825729883371
1.11353536562786  1.05564232057421
1.18475656020892  1.11759789564072
1.22553340380197  1.1526398053894
1.23475523059976  1.15960817756928
1.21211115515161  1.13821050999185
1.15809948302653  1.0890219989603
1.07401771999359  1.0135065483343
0.961933747673033  0.914078719165267
0.824640160704448  0.794274116623283
0.665597371862087  0.659228607897136
0.488885861326464  0.517115215382973
0.299288323941365  0.383790742292658
0.104456553227394  0.295864081067919
0.110235023032829  0.308797891475265
0.307182182466177  0.413660526891377
0.500353594632264  0.555146643184096
0.682159862862302  0.702542223760129
0.847560444948342  0.842087561232999
0.992130602722029  0.966103309256774
1.11200183193192  1.06941748521915
1.20392640987035  1.14825737018791
1.26535197322425  1.19988605196942
1.29448604216173  1.22248475567134
1.29034444120129  1.21512255864349
1.25278102118993  1.17775897127254
1.1824974635327  1.11126369727018
1.08103288511125  1.01746127223154
0.950734028688312  0.89924081522732
0.794708851517907  0.760853662882928
0.616772766257658  0.608794792075527
0.421429991036357  0.45472523007316
0.214260969615815  0.32590798448179
0.0356689466760996  0.285934874865446
0.225996747621039  0.372396014547084
0.439538259915167  0.523459749068905
0.645003455920536  0.690403284581838
0.836349287696535  0.853425741171364
1.00836884903454  1.00263384843662
1.15638008781278  1.13159760058231
1.2762812049938  1.23555015400625
1.36464234562767  1.31084715069599
1.41879315372283  1.35480602236552
1.43689615040588  1.36567228974177
1.4180018505355  1.34262972370308
1.36208341504911  1.28582627717279
1.27004964459008  1.19641234708891
1.14373602088166  1.07661069720542
0.985874779878775  0.929884635675657
0.800047993968434  0.761418657632403
0.590639360545978  0.579707332724647
0.362879359817872  0.402841570482754
0.124558154164445  0.284616383021761
0.133845494424594  0.325869258638024
0.380707872720877  0.491340747915115
0.62460436329806  0.692196961075926
0.857171353097955  0.895002727336628
1.07201018919847  1.08602331591525
1.26322978221137  1.25692822719845
1.42546377021964  1.40148415501845
1.55398378944404  1.51469695356897
1.64481891403162  1.59258656662997
1.69486419038132  1.63215409876834
1.70197207134237  1.63141073413171
1.66502328431917  1.58942432285641
1.58397482123389  1.50636992946856
1.45988357364571  1.38358838747149
1.29490506375111  1.22368193851021
1.09226828035524  1.03074374994178
0.856231994731818  0.811070000995293
0.592049069984464  0.575936269920085
0.306168437441618  0.356269453986967
0.034093521791085  0.276697088534361
0.310814902125969  0.447121209091465
0.621393084135573  0.706994030370048
0.925448968828751  0.980543288116359
1.21459395907605  1.24606423965466
1.48096266762014  1.49208632359557
1.71708678633288  1.70998889376687
1.91603538247951  1.89250494630544
2.07158144311201  2.03339359277542
2.17836426628723  2.12741810566718
2.23203852174039  2.17041552921403
2.22940492236345  2.15939122424263
2.16851879324473  2.09261463017158
2.0487736097151  1.96970966318521
1.87095730673077  1.79174670144624
1.63728010328365  1.56136934755837
1.3513743752476  1.28307404721371
1.01827298913051  0.96413582302276
0.644408627924191  0.619094638868063
0.23828507200545  0.308714111165488
0.199185704125701  0.369432603150518
0.644841716059239  0.743067124106444
1.09694128162173  1.16420296459101
1.54319733325417  1.58827193716341
1.97218522983759  1.99812971466817
2.37243916562051  2.38080073326196
2.73260340488222  2.72453076758966
3.04165054776446  3.01828166607636
3.28910913651211  3.25172647980471
3.46528766244773  3.41538079604241
3.56148833734761  3.50077359177735
3.57020551173746  3.50062451553964
3.4853042835823  3.40901415761313
3.30217536536137  3.22154273094342
3.01786286504902  2.93548141289142
2.63116245918415  2.54994117220218
2.14268909712946  2.06615961861007
1.55491956363053  1.4884041402634
0.872265818932117  0.82961266116674
0.104850333919902  0.256308255941868
0.753930546355094  0.856839854417258
1.67831932479446  1.75036491109539
2.66380853988485  2.71698306009448
3.69799799526906  3.73472767099058
4.76755261570058  4.78856891847236
5.85828033063023  5.86397406339582
6.95535299385574  6.94616329272986
8.04355529218726  8.02011043312968
9.10754586949784  9.07071615914529
10.1321235543246  10.0830346827366
11.1024930118224  11.0425178140581
12.0045245182671  11.9352610573899
12.8250027787375  12.7482428930323
13.5518599605066  13.469550870341
14.1743884402468  14.0885893363212
14.6834291708287  14.5962643987626
15.0715320600639  14.9851423670217
15.3330853110602  15.2495785351654
15.464411291125  15.3858138097306
15.4638271608692  15.3920373479184
15.3316691936465  15.2684140591492
15.0702804333019  15.0170765251793
14.6839620605678  14.6420816002774
14.1788895504588  14.1493326510187
13.5629953900862  13.546469072841
12.8458207744155  12.8427253664122
12.0383392935524  12.0487626621799
11.1527561572611  11.1764761417595
10.2022869602707  10.2387823243683
9.20092036706572  9.24939068814534
8.16316938138164  8.22256464558749
7.10381606143614  7.17287766438178
6.03765465235581  6.11497180305912
4.97923815725811  5.06332957971661
3.94263345091594  4.0320809825383
2.94119055205275  3.03490666461898
1.98733486101664  2.08528031483476
1.09241765981455  1.19856848820871
0.267388448287314  0.419590385248838
0.484216643628431  0.476033668769754
1.14838079491361  1.10945156036814
1.72335130096847  1.68444001698512
2.20517027631366  2.17268650130768
2.59187882266456  2.56865153644902
2.88324874723862  2.87088570598148
3.08071094177231  3.0801636247976
3.18727323749802  3.19902840318988
3.20741395030541  3.23157854594019
3.14695101602471  3.18330331740812
3.01288913612247  3.06092180428443
2.81324822989587  2.87221523379358
2.55687696949574  2.62585328736147
2.25325551965735  2.33122186302352
1.91229194728325  1.99826989976445
1.54411740691021  1.63742049520978
1.15888747856428  1.25969148767416
0.766609569990114  0.87764659021468
0.37714288819826  0.511193794307899
0.0289959662750245  0.244877890107489
0.362506391304767  0.3731707677914
0.693550284984787  0.671059374201044
0.991263292851034  0.963734312660299
1.24995416525777  1.22554024496371
1.46529027002489  1.44777369972957
1.63415821474838  1.62571264098735
1.75465548616426  1.7566216366825
1.8260761274337  1.83924793185083
1.8488759075088  1.87363153369781
1.82461526579846  1.86099357567548
1.75588104345944  1.80364132175359
1.64618901794014  1.70487267694468
1.49986984307185  1.56887883170819
1.3219414824408  1.40065413487342
1.11797183912595  1.20593935291433
0.893936693410973  0.991271955394251
0.656083558489062  0.764389380316497
0.410846527305399  0.53603366887476
0.16534670155303  0.32921756911953
0.0838929380399258  0.227909960335046
0.312079542712357  0.332833713438545
0.527474986453836  0.517120434244762
0.722670260168835  0.704596313641217
0.893368592144019  0.876075268751129
1.03615700334497  1.02389081989224
1.14843603356897  1.14372283114944
1.22843294264459  1.23289103929788
1.27521158893692  1.28987538853783
1.28866675545158  1.31414182687491
1.26950073961154  1.30605606136478
1.21918243292753  1.26682251120888
1.13989006921906  1.19842974235604
1.03443941713977  1.10360100722083
0.906199764531139  0.985761863206919
0.759000952900094  0.849060753981529
0.597037260801521  0.698545807584558
0.424785258134053  0.540838765197368
0.247036777062038  0.3866553580756
0.0711287537403357  0.261024958537235
0.113717734247712  0.226317500468864
0.280858431444711  0.308681579697315
0.438026309796492  0.437292528351796
0.580436497370738  0.570503243063902
0.704787062403915  0.693924313841364
0.808416678190182  0.801056487106274
0.889266128377364  0.888147217888944
0.94589444408389  0.952834333280687
0.977492906923721  0.993717424011205
0.983887225275158  1.01019609020415
0.965525774509801  1.00239443622495
0.923453799741009  0.971115054282625
0.859274329043412  0.917805029680812
0.775097126213795  0.844533923456823
0.673477669059969  0.753999285503468
0.557349438398311  0.64960518861436
0.429957072184443  0.535742413333879
0.294819532734917  0.418672203909018
0.155946798991449  0.309375079074694
0.0287783450849509  0.231817652569632
0.127476814362944  0.225712814741936
0.258110816170181  0.291666298797958
0.380461093475087  0.387793302491533
0.490976142070007  0.488267880301724
0.587027708070007  0.582089814966298
0.666486149270725  0.663775027611552
0.7276989387356  0.730073766025036
0.769505956486819  0.778927653680079
0.791252942250814  0.809102449503504
0.792795528162174  0.820041574447697
0.774492000421287  0.811798457229418
0.737184589940454  0.784999589924982
0.682169842619847  0.74082345875902
0.611159192274986  0.68099729352382
0.526231633889608  0.607830787926142
0.429782237204753  0.524340166493509
0.324477123515075  0.434606623701704
0.21326476211353  0.34477538560589
0.0999345531199003  0.26574695585164
0.0307513713840539  0.218042935328338
0.13358295835476  0.224661446918609
0.240115073619763  0.278740715177076
0.339441309456681  0.35384207906464
0.428755136624061  0.432626412150848
0.505901925577658  0.506518636315869
0.569134187787269  0.570883240051826
0.617099893208907  0.622898750598284
0.648856210454579  0.660769085882081
0.663881378877474  0.683417410170535
0.662078757255866  0.690356894675987
0.64377148247921  0.681630655158832
0.609687535984722  0.657781843102168
0.560935687323629  0.619842219132337
0.498973366676005  0.569343303350127
0.425568458784853  0.508372255321806
0.342759601555088  0.439730523395735
0.252830306421877  0.367340269618428
0.158381060611822  0.297245112920596
0.0635901472012845  0.239740393621655
0.0451609878716152  0.210980206264537
0.13567974655692  0.223296115357633
0.225188502477581  0.268549650425363
0.308242643358125  0.329060407955761
0.382537182171608  0.392533192234969
0.446264007950633  0.452167928593314
0.49795894668188  0.504033790570764
0.53649599825219  0.545675286421645
0.561099529364077  0.575521780148216
0.57135448530213  0.592637206043799
0.567209892188462  0.596608562975316
0.548974342740615  0.587493592049665
0.517303300189047  0.565797104662823
0.473178669037244  0.532467497586491
0.417881695042697  0.488919520221959
0.352961419596501  0.437107335085484
0.280204506028884  0.379706194175691
0.201628518646063  0.320532365696214
0.119638396963069  0.265435323515971
0.0398426525667778  0.223656975197047
0.056392331050548  0.207138126886057
0.135542134272187  0.221876625014234
0.212431926160319  0.260376914843931
0.283427813945572  0.310238976263671
0.346585035573944  0.362390795255282
0.400357708035723  0.411362110631518
0.443497880641949  0.453809153474557
0.475053439981614  0.48759230997082
0.494378920208091  0.511337264380023
0.501144221835405  0.524233552735443
0.495337437253136  0.525940266684714
0.477260698699394  0.516541514452198
0.447518935125513  0.496528568878617
0.40700199998223  0.466803206939641
0.356861297925245  0.428709838993187
0.29848348502208  0.384120835875114
0.233468713979996  0.335628612430405
0.163644920926709  0.286943480752511
0.0913467509192654  0.243591157797475
0.0258330255783301  0.213491174693565
0.0642186047150803  0.205032214428568
0.134115831359362  0.220601987458718
0.201306074088771  0.253797978150987
0.263042710916756  0.295582550043031
0.317651484854151  0.339058575836647
0.363790537731889  0.379774072613024
0.400381087947455  0.414877763249563
0.426607643860883  0.442505651712005
0.441927615139146  0.46145716521077
0.44607875085749  0.471035312577056
0.439081308509336  0.470968479040139
0.421234056548709  0.461373525064175
0.393104053038667  0.442743418903469
0.355510696445998  0.41595646036204
0.30950528304417  0.382315588588614
0.256349102021133  0.34364073399751
0.197499657083129  0.302457898569649
0.134649313631964  0.262342086264548
0.0701858566693972  0.228370428250914
0.0209463445789078  0.207050858172056
0.06953952384613  0.20399939327376
0.131938185448639  0.219607223980084
0.191459293703235  0.248540987142361
0.245885874027958  0.284006496132057
0.293753633999441  0.320638104401866
0.333883133087099  0.354779263086215
0.365330743919879  0.383995474954952
0.38739032643419  0.40666585647047
0.399601806919676  0.421746095598854
0.401757534042057  0.428643462021093
0.393903860388132  0.427153272322802
0.376337208060954  0.417429310191386
0.349594616910575  0.399976572133965
0.314439318952954  0.375665420315736
0.271842712625087  0.345775730535135
0.222966327617447  0.312090573666507
0.169156002147839  0.27706872337859
0.112009669396199  0.244106039919522
0.0541105794872158  0.217733308150247
0.0226940709068249  0.203091973360628
0.0730798594254766  0.203733820563637
0.129329022563057  0.21898297493352
0.182647487873672  0.244422974001545
0.231172750660126  0.274816870487804
0.273607750494076  0.305915349927818
0.30890483828054  0.334694611434414
0.336230294066066  0.359076270632075
0.354966920343074  0.377656214580818
0.364721731550559  0.389532872775067
0.365331398685752  0.394211064768816
0.356863322948173  0.391551589739151
0.339611727247165  0.381748510960192
0.314088818231329  0.36532655134419
0.281011619330394  0.343159094353391
0.241286015338814  0.316514549212706
0.195992260730935  0.28714522550371
0.146387380675455  0.257430344020111
0.0940083639266165  0.230538054945308
0.0418177532051035  0.210390447364937
0.0267093256488575  0.200888728731167
0.0753498499650995  0.20409441172422
0.126485150119212  0.218792355315774
0.174692945787851  0.241317426312226
0.218366003587971  0.267550484851986
0.256343257348612  0.2940796853707
0.28768574131305  0.318393012417648
0.31165047259599  0.338719452992931
0.327693611069591  0.353850297964227
0.33547737949389  0.363016355809914
0.334874739024013  0.365815407491085
0.325970030815583  0.362173346065934
0.309055082082162  0.352327747975054
0.284620880788643  0.33682932354481
0.253345483359595  0.316562476185123
0.216079887110705  0.29279089083652
0.173836882678481  0.267235125621741
0.127802158577458  0.242174718328712
0.0794808094998536  0.22050323035463
0.0324684541033343  0.205506564365629
0.0307674314505255  0.200009578880995
0.0767042486491104  0.205020814242989
0.123530491568025  0.219082681497381
0.167461410026254  0.239136487825002
0.20708311695576  0.26188884930741
0.241347052574768  0.284571782150282
0.269405127033726  0.305093653871584
0.290590249391385  0.321951548002555
0.304419821330259  0.334114876744313
0.310601988743474  0.340939062240834
0.309039665627656  0.342112104687055
0.299830811099324  0.337625716162763
0.283264550635713  0.327764485498933
0.259813294621534  0.313110615627288
0.230121587809636  0.294565463297365
0.19499363436554  0.273390920919173
0.155385378699163  0.251269085280601
0.112424958036011  0.230354443383946
0.0676123010065605  0.213224785854556
0.0255334461573539  0.202531921481126
0.0342631390591349  0.20019633932049
0.0773921633714731  0.206495170157387
0.120544181482381  0.219893324626352
0.160848445067617  0.237820643025963
0.19704297511131  0.257609104288826
0.228173641600252  0.276996421183124
0.253469256275514  0.294241305530587
0.272326926742036  0.30807722127825
0.284315728884017  0.317637831985769
0.289182374681769  0.322397623938912
0.286854681368712  0.322133746272944
0.277441541987248  0.316905616912234
0.261229067636475  0.307048860150787
0.238673100898592  0.293182335399892
0.21038890749718  0.276228703107885
0.177140223578685  0.257447684875047
0.139834505755725  0.238471259247929
0.0995535106780632  0.221300136517782
0.0578179111879759  0.208163086868078
0.0206884121361349  0.201102465434698
0.0371160193717282  0.201297125848352
0.0775910815913714  0.208524268299286
0.11757702330197  0.221261061682522
0.154770888140101  0.237332553073389
0.188033404493401  0.254554754615825
0.216490684735609  0.271070169332934
0.239437301336808  0.285433544586222
0.256325211374437  0.296589096276491
0.266767503723038  0.303823774535087
0.270543554684673  0.306727544990648
0.267602022507197  0.305167222633626
0.258060560841766  0.299273056779026
0.242201989623398  0.289436463596121
0.220467166982544  0.276318048995319
0.193445446062283  0.26086476300193
0.16186514487131  0.24433060651709
0.126591945158447  0.228281241332955
0.0886704922953795  0.214532953555948
0.0496684534152818  0.204941138118202
0.0177006691936372  0.200978888204697
0.0393859307503554  0.203228352635711
0.0774293251841849  0.211131258358028
0.114661486686248  0.223223915458411
0.14916124144552  0.237653381365104
0.179890612805386  0.252617636513429
0.206044632436427  0.266588827874745
0.226974627789077  0.278375215519016
0.242179831950414  0.287111094763807
0.251311135972231  0.292228262354875
0.254175793068656  0.293430391989142
0.250740005016878  0.290676064077833
0.241128420152065  0.284170847885451
0.225620340646145  0.274367645261047
0.204642924730709  0.26197400466565
0.178762347270848  0.247962810036585
0.148675614002445  0.23357548426781
0.115212115716463  0.22029080227292
0.0793872420000248  0.209709199420174
0.0428432014487137  0.203297329489068
0.0162882708124646  0.202008713483124
0.0411614453986953  0.205952940630594
0.0770009207570072  0.214352109423554
0.111817965835818  0.225824147748437
0.143963851740812  0.238780741685634
0.172485693190101  0.251726606493684
0.19663827197672  0.263406645958604
0.215822301100106  0.27284908926457
0.229578082773536  0.279361724896542
0.23758921950298  0.282515001718692
0.239686918685452  0.282126274195853
0.235852226430041  0.278249642077749
0.226215345119615  0.271172031882385
0.211051884215524  0.261414688340552
0.190776370145929  0.249737525314557
0.165934060375143  0.237139512954454
0.137194039126033  0.224838958515935
0.105353951918549  0.214202827024664
0.0714067167041114  0.206584445676404
0.0370987645159246  0.203054893392355
0.0160444381650497  0.204102514068788
0.042527792887774  0.209467900045093
0.0763755844445109  0.218234606116699
0.109058796570755  0.229110856497628
0.13913222239421  0.240727810828018
0.165715489791762  0.25184047603973
0.18811561077673  0.261422859436453
0.205776587450724  0.268696568522652
0.218274651146354  0.273129718282959
0.225321901788244  0.274427264456252
0.226770257343502  0.272521961643569
0.222613381686996  0.267568987812497
0.212985851193567  0.259944476326749
0.198159455240011  0.250246305178403
0.178536994935377  0.239292474816285
0.154644708551811  0.228106368761885
0.127126596874435  0.217868357795807
0.0967523758134856  0.209804250785098
0.0644984506918494  0.20499000578435
0.0322480397833677  0.204102055264609
0.0165208699675582  0.207219121300819
0.0435586199634067  0.213797583272743
0.0756055379503092  0.22283886994623
0.106390889333268  0.233142504233916
0.134627069385768  0.243523377394949
0.15949624776865  0.252943797392212
0.180351429838156  0.260573010095266
0.196674814011295  0.265804882225712
0.208074264332658  0.268257599936401
0.214286858630377  0.267768404935105
0.21518252112798  0.26438899031728
0.210765683709298  0.25838321532375
0.201174326348735  0.250226445737559
0.186676332442013  0.240603251680088
0.167663560272936  0.230395757615624
0.144644843731686  0.220647710293111
0.118241503506594  0.212481595115058
0.0891985638981886  0.206948191063142
0.0584812321081692  0.204817586643927
0.0281456202725336  0.206379341843931
0.0173577278504724  0.211356806013341
0.0443151384842661  0.218990592359329
0.0747302392794097  0.228238975386875
0.103817485369756  0.237989645205679
0.130414881626038  0.247212743640085
0.153759094088184  0.25504471560866
0.173243896761486  0.260823559203308
0.188385392464609  0.264098659937437
0.198819456303162  0.264630548350307
0.204305180746022  0.262388394707503
0.204728224569426  0.2575483331547
0.200102240917878  0.250492897182484
0.190567812495199  0.24180938240689
0.176388865848927  0.232281304632644
0.157947001456212  0.22286121089362
0.135735038268612  0.214605946557324
0.110353672922197  0.208553923667768
0.082526012153688  0.205542410946369
0.0532108699608719  0.206009634850411
0.024677420082692  0.209871948149695
0.0183254316561775  0.216548662712015
0.0448474599935512  0.225119273985799
0.0737797181677185  0.23452554208675
0.10133934510412  0.243738105512041
0.12646683267637  0.251859505297603
0.148446753748131  0.258174472140356
0.166709234820856  0.262168934697751
0.180800637221788  0.263534623814058
0.190381770810241  0.262168934697751
0.195231229388615  0.258174472140356
0.195248484827723  0.251859505297603
0.190455110406948  0.243738105512041
0.180993628448374  0.23452554208675
0.167123986760134  0.225119273985799
0.149218134720926  0.216548662712015
0.127754083772215  0.209871948149695
0.103313681265908  0.206009634850411
0.0766005128205771  0.205542410946369
0.0485713968711291  0.208553923667768
0.0217530842029857  0.214605946557324
0.0192969944619507  0.22286121089362
0.0451963965181224  0.232281304632644
0.07277696221469  0.24180938240689
0.0989555617637876  0.250492897182484
0.122757943300323  0.2575483331547
0.143511119152324  0.262388394707503
0.160677805304104  0.264630548350307
0.173831501955347  0.264098659937437
0.182655322345066  0.260823559203308
0.186945215582554  0.25504471560866
0.186612831149136  0.247212743640085
0.181686561927042  0.237989645205679
0.172310319252779  0.228238975386875
0.15874007391245  0.218990592359329
0.141338666764358  0.211356806013341
0.120570360134113  0.206379341843931
0.0969996962562391  0.204817586643927
0.0713128250955415  0.206948191063142
0.0444686385052191  0.212481595115058
0.0193002363726424  0.220647710293111
0.0202089613752889  0.230395757615624
0.0453951678258994  0.240603251680088
0.0717396468033423  0.250226445737559
0.0966641235789043  0.25838321532375
0.11926642690694  0.26438899031728
0.138911420953308  0.267768404935105
0.15509118113541  0.268257599936401
0.167403659442253  0.265804882225712
0.175552007272419  0.260573010095266
0.179347685305744  0.252943797392212
0.178713120472429  0.243523377394949
0.173682589683579  0.233142504233916
0.164400935015512  0.22283886994623
0.151120170947843  0.213797583272743
0.134194518988685  0.207219121300819
0.114075427212888  0.204102055264609
0.0913114857796189  0.20499000578435
0.0665732356115795  0.209804250785098
0.0408254433686669  0.217868357795807
0.0172599318781914  0.228106368761885
0.0210333388676043  0.239292474816285
0.0454708594953417  0.250246305178403
0.0706814046093347  0.259944476326749
0.0944623048791196  0.267568987812497
0.115973170880923  0.272521961643569
0.134612830877678  0.274427264456252
0.14989992857491  0.273129718282959
0.161454539128013  0.268696568522652
0.168997890588476  0.261422859436453
0.172355362171003  0.25184047603973
0.171458953131247  0.240727810828018
0.16634802536403  0.229110856497628
0.157167969530648  0.218234606116699
0.144166879632581  0.209467900045093
0.127690801861945  0.204102514068788
0.108179201397432  0.203054893392355
0.086165909406189  0.206584445676404
0.0623074668462052  0.214202827024664
0.0375780968203702  0.224838958515935
0.0155829131603137  0.237139512954454
0.0217609858665823  0.249737525314557
0.0454456168064466  0.261414688340552
0.0696127675995516  0.271172031882385
0.0923469393172681  0.278249642077749
0.112861320576101  0.282126274195853
0.130585380062336  0.282515001718692
0.145061903104525  0.279361724896542
0.155931058705872  0.27284908926457
0.162930443823249  0.263406645958604
0.165897972549706  0.251726606493684
0.164774174070482  0.238780741685634
0.159602809896422  0.225824147748437
0.150529500148489  0.214352109423554
0.1377984660565  0.205952940630594
0.121747983894994  0.202008713483124
0.102806279715237  0.203297329489068
0.0814934837213865  0.209709199420174
0.0584535615859204  0.22029080227292
0.034673592440187  0.23357548426781
0.0142264691231241  0.247962810036585
0.022392439576001  0.26197400466565
0.0453376045233239  0.274367645261047
0.0685418730834299  0.284170847885451
0.0903146110370894  0.290676064077833
0.109915942034911  0.293430391989142
0.126803111372543  0.292228262354875
0.140540924337573  0.287111094763807
0.150787866114526  0.278375215519016
0.157296408267108  0.266588827874745
0.159915792116718  0.252617636513429
0.158594170990672  0.237653381365104
0.153379115827989  0.223223915458411
0.144416209487388  0.211131258358028
0.131945857340569  0.203228352635711
0.11629893770214  0.200978888204697
0.0978931065018762  0.204941138118202
0.0772357360760419  0.214532953555948
0.0549594839527931  0.228281241332955
0.0320675326233823  0.24433060651709
0.0131518889756791  0.26086476300193
0.0229329619588204  0.276318048995319
0.0451617727192691  0.289436463596121
0.0674749977855024  0.299273056779026
0.088361788214768  0.305167222633626
0.107123745887305  0.306727544990648
0.123243407666472  0.303823774535087
0.136305734166287  0.296589096276491
0.145985962035906  0.285433544586222
0.152050123808951  0.271070169332934
0.15435772923117  0.254554754615825
0.152863765324459  0.237332553073389
0.147619102375471  0.221261061682522
0.138769062993128  0.208524268299286
0.126550300618675  0.201297125848352
0.111286638339841  0.201102465434698
0.0933857666485113  0.208163086868078
0.0733431445929033  0.221300136517782
0.051781253147569  0.238471259247929
0.0297224967711936  0.257447684875047
0.0123226424653953  0.276228703107885
0.0233898859725178  0.293182335399892
0.0449304666368609  0.307048860150787
0.0664169652112935  0.316905616912234
0.086484915838639  0.322133746272944
0.104472859365362  0.322397623938912
0.119886454056277  0.317637831985769
0.13232916923685  0.30807722127825
0.141491609580792  0.294241305530587
0.147152208750833  0.276996421183124
0.149179812696281  0.257609104288826
0.147535549589858  0.237820643025963
0.142273146734834  0.219893324626352
0.133537480130735  0.206495170157387
0.121561520437546  0.20019633932049
0.106662352494273  0.202531921481126
0.0892382503028989  0.213224785854556
0.0697735192089658  0.230354443383946
0.0488814778354868  0.251269085280601
0.0276067609688031  0.273390920919173
0.011703439349984  0.294565463297365
0.0237712056840449  0.313110615627288
0.0446539128253564  0.327764485498933
0.0653714587336111  0.337625716162763
0.0846804794933558  0.342112104687055
0.101952636569649  0.340939062240834
0.116714803412979  0.334114876744313
0.128587497486226  0.321951548002555
0.137275463219812  0.305093653871584
0.142568507196479  0.284571782150282
0.144343987561831  0.26188884930741
0.142568564614101  0.239136487825002
0.137298437900704  0.219082681497381
0.128677881228005  0.205020814242989
0.116936255385378  0.200009578880995
0.102384201077854  0.205506564365629
0.0854110761572062  0.22050323035463
0.0664907180849351  0.242174718328712
0.0462281950727156  0.267235125621741
0.0256932846782518  0.29279089083652
0.0112601819576174  0.316562476185123
0.0240848421110739  0.33682932354481
0.0443406076684935  0.352327747975054
0.0643412638855328  0.362173346065934
0.0829450484351853  0.365815407491085
0.0995534994437403  0.363016355809914
0.113713022277235  0.353850297964227
0.125059881605164  0.338719452992931
0.133311866862521  0.318393012417648
0.13826924257176  0.2940796853707
0.139817148029583  0.267550484851986
0.137927238214213  0.241317426312226
0.132657849253318  0.218792355315774
0.124152523111932  0.20409441172422
0.112637086195606  0.200888728731167
0.0984160087636635  0.210390447364937
0.0818701902150271  0.230538054945308
0.0634636215742628  0.257430344020111
0.0437939430158967  0.28714522550371
0.0239589022667953  0.316514549212706
0.0109605911221567  0.343159094353391
0.0243382783926305  0.36532655134419
0.0439976289903862  0.381748510960192
0.0633284570471587  0.391551589739151
0.0812753038424933  0.394211064768816
0.0972668036205158  0.389532872775067
0.110867400011899  0.377656214580818
0.121727941667293  0.359076270632075
0.129578283712708  0.334694611434414
0.134228331487715  0.305915349927818
0.13557035462095  0.274816870487804
0.133580526941694  0.244422974001545
0.128319027560171  0.21898297493352
0.119928558867714  0.203733820563637
0.108631489989865  0.203091973360628
0.0947263760767874  0.217733308150247
0.0785860781619681  0.244106039919522
0.0606653058259715  0.27706872337859
0.0415550147456973  0.312090573666507
0.0223836731027657  0.345775730535135
0.0107751107878053  0.375665420315736
0.0245383972633962  0.399976572133965
0.0436308869615692  0.417429310191386
0.0623345532244983  0.427153272322802
0.0796680564491332  0.428643462021093
0.0950847245766278  0.421746095598854
0.108165708153076  0.40666585647047
0.118575395945007  0.383995474954952
0.126054829718294  0.354779263086215
0.130422823454168  0.320638104401866
0.131578195826701  0.284006496132057
0.129501216945879  0.248540987142361
0.124253651475339  0.219607223980084
0.115977273064672  0.20399939327376
0.10489107150707  0.207050858172056
0.0912879256107655  0.228370428250914
0.0755330447963685  0.262342086264548
0.0580723724545386  0.302457898569649
0.03949085359997  0.34364073399751
0.0209503554435423  0.382315588588614
0.0106776960359838  0.41595646036204
0.0246914286327393  0.442743418903469
0.0432453269745738  0.461373525064175
0.0613606223863177  0.470968479040139
0.0781202565877618  0.471035312577056
0.0930001604920795  0.46145716521077
0.105596999945696  0.442505651712005
0.115587763895863  0.414877763249563
0.122723889150025  0.379774072613024
0.126832440201913  0.339058575836647
0.127818263993024  0.295582550043031
0.125665350556422  0.253797978150987
0.120436823887093  0.220601987458718
0.112273455484653  0.205032214428568
0.10139093398077  0.213491174693565
0.0880766855834133  0.243591157797475
0.0726886251734161  0.286943480752511
0.0556644011968341  0.335628612430405
0.037583559953523  0.384120835875114
0.0196439777331954  0.428709838993187
0.010646243857562  0.466803206939641
0.0248029558250811  0.496528568878617
0.0428450943789666  0.516541514452198
0.0604073814737814  0.525940266684714
0.0766289988314379  0.524233552735443
0.0910066489448203  0.511337264380023
0.10315144230167  0.48759230997082
0.112752118976041  0.453809153474557
0.119569795804752  0.411362110631518
0.123439194461771  0.362390795255282
0.124270722234348  0.310238976263671
0.122051752966539  0.260376914843931
0.116846570777851  0.221876625014234
0.10879488501451  0.207138126886057
0.0981091610450568  0.223656975197047
0.0850715825400281  0.265435323515971
0.0700331003784748  0.320532365696214
0.0534235002148234  0.379706194175691
0.0358174864221827  0.437107335085484
0.018451487120189  0.488919520221959
0.0106626203201209  0.532467497586491
0.024877951588092  0.565797104662823
0.0424336688082899  0.587493592049665
0.0594752674720464  0.596608562975316
0.0751915228216061  0.592637206043799
0.0890982951354067  0.575521780148216
0.100820174110602  0.545675286421645
0.110056881683814  0.504033790570764
0.116578567032466  0.452167928593314
0.120227072590779  0.392533192234969
0.120917944408262  0.329060407955761
0.11864163919773  0.268549650425363
0.113463425455637  0.223296115357633
0.105521901792253  0.210980206264537
0.0950263875458274  0.239740393621655
0.0822540214159596  0.297245112920596
0.0675490970025764  0.367340269618428
0.0513339344692617  0.439730523395736
0.0341789037145693  0.508372255321806
0.017361459619155  0.569343303350127
0.010712371613371  0.619842219132337
0.0249208276358292  0.657781843102168
0.0420139741615035  0.681630655158832
0.0585644956553077  0.690356894675987
0.0738052114380275  0.683417410170535
0.0872697097766377  0.660769085882081
0.098595186116597  0.622898750598284
0.107491645309437  0.570883240051826
0.11373768057697  0.506518636315869
0.117181768855221  0.432626412150848
0.117744214134682  0.35384207906464
0.115418285889342  0.278740715177076
0.110270081676105  0.224661446918609
0.102437050531063  0.218042935328338
0.092125442020211  0.26574695585164
0.0796075359867285  0.34477538560589
0.0652212540233522  0.434606623701704
0.0493818169257694  0.524340166493509
0.0326557232988966  0.607830787926142
0.0163638598090309  0.68099729352382
0.0107842527090162  0.74082345875902
0.0249354886887327  0.784999589924982
0.0415884690091192  0.811798457229418
0.0576751061631853  0.820041574447697
0.0724675871526813  0.809102449503504
0.0855159551284429  0.778927653680079
0.0964692185574495  0.730073766025036
0.105047028447626  0.663775027611552
0.11103588634203  0.582089814966298
0.114290461777734  0.488267880301724
0.114735471837828  0.387793302491533
0.112366755767335  0.291666298797958
0.107251102710128  0.225712814741936
0.0995247816134234  0.231817652569632
0.08939104731367  0.309375079074694
0.0771174963873302  0.418672203909018
0.0630359443068023  0.535742413333879
0.0475548506432157  0.64960518861436
0.0312372660424775  0.753999285503468
0.015449840589227  0.844533923456823
0.0108696924506534  0.917805029680812
0.024925386095955  0.971115054282625
0.0411592211921789  1.00239443622495
0.0568070013491714  1.01019609020415
0.0711763071811933  0.993717424011204
0.0838324979316982  0.952834333280687
0.0944356735213982  0.888147217888944
0.102714549542536  0.801056487106274
0.108463046821975  0.693924313841364
0.111541624945311  0.570503243063902
0.111879101083355  0.437292528351796
0.109473665180353  0.308681579697315
0.104392676117102  0.226317500468864
0.0967711993534603  0.261024958537235
0.0868095686393187  0.3866553580756
0.0747708631763375  0.540838765197368
0.0609810406308114  0.698545807584558
0.0458421123084284  0.849060753981529
0.0299140682671533  0.985761863206919
0.0146115755247036  1.10360100722083
0.0109622752178128  1.19842974235604
0.0248935684977628  1.26682251120888
0.0407279696031033  1.30605606136478
0.0559599757986673  1.31414182687491
0.0699291578781456  1.28987538853783
0.0822151682126946  1.23289103929788
0.0924885395674341  1.14372283114944
0.100486519675336  1.02389081989224
0.106010001193222  0.876075268751129
0.10892486621111  0.704596313641217
0.109163747252753  0.517120434244762
0.106726987045224  0.332833713438545
0.1016824060699  0.227909960335046
0.0941638489884611  0.32921756911953
0.0843688005690443  0.53603366887476
0.0725559795734674  0.764389380316497
0.0590457182004372  0.991271955394251
0.0442338697178571  1.20593935291433
0.0286777184238671  1.40065413487342
0.0138421178575408  1.56887883170819
0.0110572816450661  1.70487267694468
0.0248427283470906  1.80364132175359
0.0402961755295353  1.86099357567548
0.0551337404999564  1.87363153369781
0.0687240486998053  1.83924793185083
0.0806601231051224  1.7566216366825
0.0906223266185735  1.62571264098735
0.0983559505380469  1.44777369972957
0.103668449042534  1.22554024496371
0.106430790417729  0.963734312660299
0.106579162972702  0.671059374201044
0.104115883062218  0.3731707677914
0.0991091366972857  0.244877890107489
0.0916915356399895  0.511193794307899
0.0820577861423136  0.87764659021468
0.0704623951704313  1.25969148767416
0.0572202872306522  1.63742049520978
0.0427214272092555  1.99826989976445
0.0275207189545524  2.33122186302352
0.0131352814614061  2.62585328736147
0.0111513038386072  2.87221523379358
0.0247752438816978  3.06092180428443
0.0398650654661329  3.18330331740812
0.0543279423336636  3.23157854594019
0.0675590059673509  3.19902840318988
0.079163814978032  3.0801636247976
0.0888320095036288  2.87088570598148
0.0963164751139799  2.56865153644902
0.101430850475673  2.17268650130768
0.104050881705376  1.68444001698512
0.104116075793686  1.10945156036814
0.101630560247967  0.476033668769754
0.0966628011764682  0.419590385248838
0.0893441697980606  1.19856848820871
0.0798666626044738  2.08528031483476
0.0684807157208569  3.03490666461898
0.0554960504267045  4.0320809825383
0.0412969942199429  5.06332957971661
0.0264363689751996  6.11497180305912
0.0124855399503798  7.17287766438178
0.0112419346131701  8.22256464558749
0.0246932165656806  9.24939068814534
0.0394356669247693  10.2387823243683
0.0535421798009541  11.1764761417595
0.0664321665969172  12.0487626621799
0.0777229632734068  12.8427253664122
0.0871129788142135  13.546469072841
0.094362279041287  14.1493326510187
0.0992903399564082  14.6420816002774
0.101777402206248  15.0170765251793
0.101766074460449  15.2684140591492
0.0992621477692487  15.3920373479184
0.0943342923057006  15.3858138097306
0.0871126349151204  15.2495785351654
0.0777865293294975  14.9851423670217
0.0666024746422551  14.5962643987626
0.0538651811786804  14.0885893363212
0.0399535730706383  13.469550870341
0.0254186642513038  12.7482428930323
0.0118879408870707  11.9352610573899
0.0113275225830848  11.0425178140581
0.0245985042439751  10.0830346827366
0.0390088384778135  9.07071615914529
0.0527760157203368  8.02011043312968
0.0653417719134669  6.94616329272986
0.0763345295512127  5.86397406339582
0.0854609979768065  4.78856891847236
0.0924880409994527  3.73472767099058
0.0972406517074267  2.71698306009448
0.0996033045118594  1.75036491109539
0.0995215107893713  0.856839854417258
0.0970025908018795  0.256308255941868
0.0921153510766781  0.82961266116674
0.0849886735147328  1.4884041402634
0.0758093343078485  2.06615961861007
0.0648200226758708  2.54994117220218
0.0523206190672166  2.93548141289142
0.0386848628033443  3.22154273094342
0.0244622115987833  3.40901415761313
0.0113380326132238  3.50062451553964
0.0114069823117966  3.50077359177735
0.0244927503602105  3.41538079604241
0.0385852950345701  3.25172647980471
0.0520289874743817  3.01828166607636
0.0642861616290789  2.72453076758966
0.0749956953172943  2.38080073326196
0.0838721656274093  1.99812971466817
0.090688880749554  1.58827193716341
0.0952760548896469  1.16420296459101
0.0975221557673541  0.743067124106444
0.0973754147041924  0.369432603150518
0.094844558729652  0.308714111165488
0.0899984703958119  0.619094638868063
0.0829647888714978  0.96413582302276
0.0739277762375886  1.28307404721371
0.0631264327972641  1.56136934755837
0.0508559798982444  1.79174670144624
0.0374851764819849  1.96970966318521
0.0235621553696622  2.09261463017158
0.0108318016839325  2.15939122424263
0.0114796487768832  2.17041552921403
0.0243774096268934  2.12741810566718
0.0381656291641136  2.03339359277542
0.0513006152711733  1.89250494630544
0.0632637680393784  1.70998889376687
0.0737038422735589  1.49208632359557
0.082342882528348  1.24606423965466
0.0889603136935962  0.980543288116359
0.0933912970858177  0.706994030370048
0.0955280716219528  0.447121209091465
0.0953214204116782  0.276697088534361
0.0927813654717153  0.356269453986967
0.0879768116076486  0.575936269920085
0.0810341598406052  0.811070000995293
0.0721352197832119  1.03074374994178
0.0615154179883026  1.22368193851021
0.049465477981441  1.38358838747149
0.0363493698285261  1.50636992946856
0.0227141141024138  1.58942432285641
0.0103656192505429  1.63141073413171
0.0115451666527693  1.63215409876834
0.0242537705372983  1.59258656662997
0.0377503291283196  1.51469695356897
0.0505904087935468  1.40148415501845
0.0622731104720808  1.25692822719845
0.0724565346831094  1.08602331591525
0.0808698223905591  0.895002727336628
0.0872982110081536  0.692196961075926
0.0915815548643301  0.491340747915115
0.0936156585674044  0.325869258638024
0.0933537020457015  0.284616383021761
0.0908069001083547  0.402841570482754
0.0860441318798187  0.579707332724647
0.0791905668356183  0.761418657632403
0.0704256219903452  0.929884635675657
0.0599812598978877  1.07661069720542
0.0481438587666162  1.19641234708891
0.0352727794403557  1.28582627717279
0.0219141257548128  1.34262972370308
0.00993619502758424  1.36567228974177
0.0116034065271569  1.35480602236552
0.0241229750883884  1.31084715069599
0.0373397941689109  1.23555015400625
0.0498978725365314  1.13159760058231
0.0613127900071616  1.00263384843662
0.0712515035873969  0.853425741171364
0.079449906066012  0.690403284581838
0.0856987645622049  0.523459749068905
0.0898423904022773  0.372396014547084
0.0917799634418952  0.285934874865446
0.0914669173893247  0.32590798448179
0.0889155662841502  0.45472523007316
0.0841947208376764  0.608794792075527
0.0774283272931084  0.760853662882928
0.0687934681871468  0.89924081522732
0.0585187467556346  1.01746127223154
0.0468863402752233  1.11126369727018
0.0342511691360795  1.17775897127254
0.0211586002100181  1.21512255864349
0.00954053771117555  1.22248475567134
0.011654401746  1.19988605196942
0.0239860360541469  1.14825737018791
0.036934347495606  1.06941748521915
0.0492225100757153  0.966103309256774
0.0603814844776589  0.842087561232999
0.0700866326496695  0.702542223760129
0.0780802786582552  0.555146643184096
0.0841584559555916  0.413660526891377
0.0881697133125945  0.308797891475265
0.0900164290770547  0.295864081067919
0.0896561585134425  0.383790742292658
0.0871022291190285  0.517115215382973
0.0824233451042399  0.659228607897137
0.0757422392392495  0.794274116623283
0.0672337159817859  0.914078719165267
0.0571231191764522  1.0135065483343
0.0456885620264624  1.0890219989603
0.0332806832215425  1.13821050999185
0.0204442779679846  1.15960817756928
0.00917592090253999  1.1526398053894
0.0116983009593449  1.11759789564072
0.0238438521149875  1.05564232057421
0.0365342473441871  0.968825729883371
0.0485638274632042  0.860179824985522
0.0594779437525586  0.73396640694667
0.0689599454303045  0.596405004418881
0.0767582891679228  0.457901307978196
0.0826740291185679  0.340011379568185
