1120
1.10662960949648  1.29061565764488
1.09398298582785  1.27545787859927
1.0563383270389  1.23033354516715
0.994580085855032  1.15628413486196
0.910181298022054  1.05502833165883
0.805215114141579  0.928942358074245
0.682413179601035  0.781051795678342
0.545385051754612  0.61508903608344
0.399464848179784  0.435858500274389
0.255777967517806  0.251613275880661
0.156667317936715  0.105718405654891
0.204403735348227  0.199143142435843
0.341712720048795  0.384009115803764
0.493854738022055  0.570929762434618
0.642430333756565  0.748253395208229
0.780277499612054  0.91029542550205
0.902824916428397  1.05267455587882
1.00653008328355  1.17170521511828
1.08851439931755  1.26430628616988
1.14647807108297  1.32801504547196
1.17869473607245  1.36102370083612
1.18402921339337  1.36221552470864
1.16195931187067  1.33119264761225
1.11259506627797  1.26829265144634
1.03669477708304  1.17459377171658
0.935683354741544  1.05191154399141
0.811691686649405  0.902796582395793
0.667677664093204  0.730565919100301
0.507862296381122  0.539502221277956
0.339693853760814  0.336041112681398
0.187196655199337  0.141781021782212
0.169512205115723  0.161942481082996
0.319435917997958  0.369127900680628
0.503441556748181  0.587977934756085
0.68862837216707  0.800477331988315
0.865293948195289  0.999540316098069
1.0274946925246  1.17966492310531
1.17043607267786  1.33601674544964
1.28996698428034  1.46431253866461
1.38248805205184  1.56085103699572
1.44496854341114  1.62257681944273
1.47499452914683  1.64714760547519
1.47082341577631  1.63299479972605
1.43143549284523  1.57937304217837
1.35657925743378  1.48639711843298
1.24681161021286  1.35506678608055
1.10354121064239  1.18728413801563
0.929103976758868  0.985880303976689
0.726980823010783  0.754718591978779
0.502709797880636  0.499244476315866
0.270162824935502  0.23151965311668
0.144469257632424  0.131403349782837
0.345034116777261  0.403770928104704
0.615232393988553  0.706367913775218
0.892494451921336  1.00823477904495
1.16437257998411  1.30006986073112
1.4227879320369  1.57420704374328
1.66056605012518  1.82341852436591
1.87092787911822  2.04080465125215
2.04744385967467  2.21985783127574
2.18409891052379  2.35456614008324
2.27538907184154  2.43952442554468
2.31642548376644  2.47004189199088
2.30303609341415  2.44224107839295
2.23186057897243  2.35314538652425
2.1004367017732  2.20075374363344
1.90727957763489  1.9841029658437
1.65196354590287  1.70332348933785
1.33524670788762  1.35971339247222
0.959438155821296  0.955961262742693
0.530680054356054  0.497726947421887
0.132253007455987  0.100983156809738
0.531538479041383  0.600076137604469
1.10669157144875  1.20216887108792
1.72508199452298  1.8417732906925
2.37521426655842  2.50930007528594
3.04839491588231  3.19610431849086
3.7359657179106  3.89336266916183
4.42902506767704  4.59202193949886
5.11846632100187  5.28289510745289
5.79509034413402  5.95679313653142
6.44974195460852  6.60466759488834
7.07345462010997  7.21775521247018
7.6575963865186  7.78771965114076
8.19401266795077  8.3067871172627
8.67516254123856  8.76787303110458
9.09424568269072  9.16469732331063
9.44531741852587  9.49188622334687
9.72338965365797  9.74505869499221
9.92451574084191  9.92089597847737
10.0458576689321  10.017193022332
10.0857342885856  10.0328909288838
10.0436496541256  9.9680898913827
9.92030093675308  9.82404246226407
9.71756575073212  9.60312735482379
9.43846912373903  9.30880433803014
9.08713072815715  8.94555112984983
8.66869336470704  8.51878352214047
8.18923404689436  8.03476027423928
7.65565936879545  7.5004745881716
7.07558714601298  6.92353422275654
6.45721660018613  6.31203251635359
5.80918961887025  5.67441277351958
5.140445890446  5.01932864647083
4.46007505987611  4.35550335560146
3.77716968181143  3.69159097904648
3.10068431082988  3.03604401540424
2.43931091280212  2.39699446299282
1.80139931385924  1.78216713192858
1.19504581330958  1.19890033469977
0.629266092894498  0.654789207117628
0.144243259675502  0.171014150113585
0.400201394403417  0.325653179278448
0.816350748484061  0.72330984361519
1.18146859561319  1.07211050802581
1.48881472998729  1.36574122146186
1.73635375018266  1.60259082957703
1.92362069238814  1.78248066010122
2.05130833999726  1.90628274639715
2.12113438449864  1.97579642714952
2.13575371808358  1.99366428072045
2.09867322748044  1.96328994017049
2.01415940495777  1.88874969858262
1.88713732307347  1.77469687071161
1.7230824516149  1.62626027605207
1.52790873078584  1.44893965789256
1.30785935516478  1.24850292799435
1.0694150585361  1.03089550624406
0.819265400514199  0.802190835524034
0.564540646085361  0.568697566790089
0.314704082208692  0.337936271677173
0.111631875240013  0.130646693953297
0.218672984304903  0.153816762280902
0.429589091479078  0.343088820317267
0.628746999681539  0.526510912867285
0.805628172464524  0.690551769088426
0.955951514156148  0.830981399613635
1.0770385549382  0.945309021035653
1.16720080163062  1.03198486933886
1.22559209205387  1.09022515162223
1.25214813437182  1.11994593445773
1.2475412880792  1.12171788815099
1.21313247374762  1.09672086381225
1.15091557136281  1.04669285048638
1.06345431912227  0.973872794198853
0.953814532247484  0.880939283093438
0.825498500208551  0.770950075853036
0.682399114194192  0.647294472018316
0.528830007211939  0.513693865551927
0.369875506951998  0.374386940506161
0.21369848915179  0.235260864118656
0.0974979175642455  0.113538405741571
0.162309860950998  0.110411593645877
0.299123818257155  0.221167160550001
0.434025963904803  0.340083217571379
0.556715950682199  0.450353735186202
0.663161733985614  0.547389653362852
0.750830751608164  0.628676556319637
0.817991505017933  0.692555700404752
0.863552258246213  0.737968436795918
0.887009459340663  0.764380332776757
0.88842040400145  0.771747238525443
0.868377592572217  0.760489501070214
0.827978289119225  0.731464601861597
0.76878835173978  0.68593593362312
0.692802710945196  0.625538946836795
0.60240955149817  0.552249589781904
0.500377531566382  0.468368137068399
0.389929420013752  0.376557560489898
0.275174589030465  0.28008243791264
0.163636015131226  0.183987238751183
0.0880227454169123  0.102744791253673
0.135042738609001  0.0948325414777353
0.234712315492025  0.165990396048955
0.335902866236589  0.25068978939805
0.429283200864367  0.331828127579218
0.511208138556961  0.404635989756205
0.579424396035827  0.466694535732828
0.632366531648011  0.516437027920936
0.668989302779618  0.552818419881336
0.688717150853301  0.575219546871899
0.691422632852315  0.583411181280965
0.677409727522937  0.577533794536899
0.647394726128868  0.55807978203457
0.602483314165026  0.52587445386221
0.544146000825419  0.4820564440511
0.474199127424154  0.428062453215585
0.39481202650414  0.365630217652149
0.30860846631359  0.296861184391371
0.219152204662759  0.224491559098798
0.133569118125121  0.153054958507942
0.0807233243280451  0.0948884829829028
0.118429730289079  0.0875179446281654
0.196337958023092  0.13662392899068
0.276976923332348  0.200412058784107
0.352123649300995  0.263417431001709
0.418502683997194  0.320876642569519
0.474111403923021  0.370466433763673
0.517554448598246  0.410722036543897
0.547878603439705  0.440659319506452
0.564523128515756  0.459661928359226
0.567300603874914  0.467440587972779
0.556384426333419  0.464013786101824
0.53229551852239  0.44969412448098
0.495886698550301  0.425075633660894
0.4483267926355  0.391022322941638
0.3910918842787  0.348662933375004
0.325985139852561  0.299406405816964
0.255256503961563  0.245020899526564
0.182122053939441  0.187923457820796
0.113406313500903  0.132293715855982
0.0747513130999625  0.0887780035657214
0.106814610267065  0.0831606495710911
0.170671480107134  0.119266754842795
0.237584631352072  0.169276996955297
0.300360497253726  0.220037353548326
0.356054725687856  0.266977686317271
0.402875812703242  0.307879187055327
0.43957566048827  0.341370174424254
0.465292360201914  0.366531838056198
0.479502242445452  0.382775060360706
0.482002194889901  0.389795691683418
0.472899477695906  0.387554861075472
0.452601800849028  0.376267256784823
0.421806119899058  0.356392066109248
0.381488231038118  0.328626635399004
0.33290069000732  0.293907922409698
0.277601083138548  0.253436747936438
0.217583970245622  0.208768376748371
0.155821252910174  0.162112272916568
0.0988796201126908  0.117379833006738
0.0697043993442214  0.0838532086121217
0.0979708058460304  0.0800850189490877
0.152107714484042  0.108162365098463
0.209262434945079  0.14867160533477
0.263130162324762  0.190722001587102
0.311056204675728  0.230066152623867
0.351426166499843  0.264605314116338
0.383115937781471  0.293054157414086
0.405344826282019  0.314555662242768
0.417629999859591  0.328554587741889
0.419770001687039  0.334750472947
0.411836049543077  0.333077507738269
0.394164259095604  0.323693869309369
0.367347340173461  0.306974967901953
0.332227877643527  0.283510599822703
0.289900814532839  0.254111229389921
0.241747539382212  0.219838817872905
0.189576104766638  0.182105965697541
0.136173881982025  0.14298023417975
0.087873403529548  0.106157802787189
0.0653513461119005  0.0798012186391649
0.0908594002120633  0.0776908531602917
0.137913929911599  0.100600890116678
0.187803496804513  0.134345805274273
0.234969660783912  0.169976367085502
0.277008494695501  0.203629607371651
0.312455069705939  0.23333999163352
0.340289622502214  0.257904488597482
0.359801704399967  0.276523508283614
0.370547343884677  0.288676708578097
0.37233365955114  0.294075538954703
0.365211221680588  0.292643028903803
0.349467748019448  0.28450387504767
0.325621813471978  0.269979322049807
0.294418726643996  0.249586895921225
0.256836247261344  0.224050402077365
0.214122755016305  0.194335963855571
0.167943004281193  0.161757782758737
0.120936976476644  0.128283364846494
0.0792187694910166  0.0974298663324427
0.0615425209109787  0.0764267873619462
0.0849297543926182  0.0757362762763257
0.12660980002611  0.0951983830764213
0.170894176333002  0.124004938297806
0.212846060784816  0.154778862280896
0.250277824512023  0.184051786857133
0.281851650623953  0.209997952065539
0.306636171409288  0.231493536273493
0.323981353670026  0.247792424323964
0.333478457803874  0.258408309835331
0.33494568448059  0.26306828800941
0.328421357964682  0.261693007712709
0.314158691119686  0.254387446707689
0.292620955291955  0.241437079901218
0.264479249138206  0.223309657661226
0.23062056409822  0.200668234669859
0.192188838658482  0.174411551817385
0.150734300587696  0.145785138613215
0.108774202604333  0.116684966823167
0.0722165645896428  0.0904758207227817
0.0581734356150933  0.0735987260432369
0.0798595429369871  0.0741118843848972
0.117326419826645  0.0912019566131943
0.157161499334631  0.116326877482136
0.194946088806692  0.143352084092192
0.228679206784435  0.169183060337568
0.257131979037328  0.192133632041766
0.279448541624689  0.211155939358914
0.295030936525631  0.225553787922163
0.303501791515726  0.234873394477509
0.304690937286867  0.238859116043897
0.298629259052906  0.23743436271627
0.285544271986557  0.230693092732055
0.265856386361714  0.218897086748616
0.240178092285874  0.20247945052708
0.209323757635434  0.182060248320249
0.174352715300588  0.158490682423158
0.136720774988829  0.132968705587966
0.0988397542315342  0.10733939016269
0.0664224038260457  0.0848359048915695
0.0551672917632197  0.0712243300232545
0.0754446554118548  0.0727621366735802
0.109520234145969  0.0881797073082983
0.145740550462472  0.110510754323398
0.180120992987435  0.134595415454797
0.210822101923578  0.157677384140028
0.236709074685602  0.178204682900582
0.256991080875656  0.195201586160322
0.271115274955651  0.208018502188644
0.278732040829799  0.216232439661061
0.279682511554845  0.21960556316875
0.273992981842915  0.218067167835156
0.26187111814076  0.211705951959159
0.24370306717274  0.200768303726105
0.22005372128276  0.1856633362582
0.191677807177534  0.166980865930954
0.159564383144608  0.145539061783421
0.125089471455112  0.122504045196384
0.090572163278135  0.0996857589524371
0.0615399176223354  0.0802025917327547
0.0524655654221597  0.0692357905230747
0.0715474983571318  0.0716555846328253
0.102833119651314  0.0858722893974955
0.136059467787899  0.106051545075389
0.167608179095085  0.127799185181813
0.195780166546156  0.148656690977641
0.219522438308127  0.167197573533631
0.238100627177223  0.18251383636381
0.251001204277898  0.193999299489107
0.257899096863413  0.20125997459793
0.258646040425744  0.204075812371955
0.253265471557436  0.20238393953877
0.241949247625514  0.196271763358128
0.225055418414112  0.185976224245284
0.203109328684113  0.171890252540384
0.17681567268038  0.154582946212262
0.147103937166624  0.134850520112479
0.115281369230739  0.113839596382498
0.0835840568132863  0.0933376737696441
0.0573635834528669  0.076362420250817
0.0500224520016564  0.0675823622379476
0.0680705746981394  0.0707727714263341
0.0970187724315648  0.0841178326688635
0.127724714719979  0.102620139209279
0.156881481540052  0.122490698487005
0.182912586965836  0.14152912219326
0.204836667185872  0.158423978238279
0.221968742713689  0.172330196809423
0.233829764169895  0.182681906551918
0.240116402589247  0.18911234367435
0.240690164488545  0.191418915832637
0.235572701682765  0.189547815319685
0.224942948231139  0.183587995678395
0.209135422193105  0.173771369873602
0.188641984251598  0.160480632878614
0.164124613860855  0.144271576715738
0.136461447188  0.125927291702311
0.106899487906938  0.106585025053948
0.0775995195825856  0.088020541245956
0.0537461984432503  0.0731627765791894
0.0478013574647353  0.0662255592302632
0.0649419866608872  0.0701010132608998
0.0919015846587045  0.0828121467684577
0.120456211451733  0.0999963023359439
0.147565902637739  0.118346811459277
0.171761819223454  0.135885139460273
0.192125708110055  0.151403904076374
0.208016086422406  0.164115979922141
0.218984327041933  0.173492791369408
0.224746425800367  0.17919306604768
0.225172813117619  0.181031175134318
0.220284029194765  0.178963168725206
0.210248207999363  0.173081649431809
0.195379808608613  0.16361691146742
0.176141892273249  0.150946112879696
0.153159433850517  0.135617731707551
0.127265686409329  0.11840907309324
0.099654186035993  0.100456715367714
0.0724166876976671  0.0835341512510003
0.0505794263801956  0.0704919623413718
0.0457725630001296  0.0651360672413714
0.0621069849329487  0.0696320382038093
0.0873524809753111  0.0818867538975873
0.114048841521522  0.0980296761975641
0.139386705241075  0.115142137574766
0.161992256506947  0.131435501398986
0.181003179149091  0.145795591179272
0.195816541905874  0.157488253047377
0.206010716562183  0.166019304318378
0.211318938697753  0.171071297754783
0.21161975392234  0.172474994163142
0.206933015555233  0.170196817392657
0.197417660912686  0.164334636870574
0.183370794684255  0.155119853920949
0.16523037809588  0.142927938962781
0.143588931492212  0.128305088778531
0.119240018886974  0.112029184794825
0.0933292060893694  0.0952439694262198
0.067884461411116  0.0797293863334872
0.0477816676819567  0.0682667372270609
0.0439116059795047  0.0642916917316302
0.0595227797250559  0.0693608850319592
0.0832740928842916  0.0812963292801443
0.108348651329668  0.0966163268503342
0.132137770833475  0.112717282033096
0.153351957513636  0.127972887915687
0.171178749424183  0.141351918467916
0.185049584125784  0.152168367483614
0.194566925666294  0.159959674774708
0.199479450910245  0.164430632897871
0.199673073443111  0.165427789407083
0.195167227527212  0.162928286706228
0.186112893181385  0.157036556477396
0.172791970727179  0.147987368777603
0.155620298707712  0.136157776904574
0.135161634951459  0.122096087747061
0.112174100877086  0.106586505101154
0.0877598349775199  0.0907872946570184
0.0638874870290788  0.0764932115054659
0.0452902219986615  0.0664242652263712
0.0421981205979934  0.0636759662331739
0.0571552087413335  0.0692853956664722
0.0795913151248661  0.0810113098370524
0.103237603290085  0.0956842544902002
0.125661240511965  0.110958802664807
0.145647938376892  0.125347453770132
0.162429898412754  0.137892476293603
0.175469363383839  0.147951427294672
0.184390406232391  0.155090748203148
0.18895559013667  0.159035975906895
0.189057518342076  0.15964884536496
0.184715373490233  0.156917460314473
0.176073156338557  0.150953897578942
0.163399303014628  0.141998243630081
0.147089965586555  0.130432015750368
0.127683182786129  0.116809609080872
0.105905159534773  0.101926950634795
0.08281842164643  0.086964027812488
0.0603361733899495  0.0737387087778906
0.0430560668696134  0.0649167618805922
0.0406149857139982  0.0632772038775085
0.0549765131029417  0.0694060129518018
0.076245089732554  0.0810134549828469
0.0986235017176968  0.095184251099735
0.119834015390937  0.109786287004521
0.13872974222704  0.123450892645304
0.154583090429765  0.135285247140467
0.166884051355059  0.144686175373653
0.175276172194191  0.151246658781028
0.179534553558028  0.154711577611227
0.179557878525421  0.154957279240949
0.175365180755533  0.151983016274956
0.167094268058891  0.145909457370552
0.155001543291514  0.136983745884795
0.139465494611559  0.125594492257019
0.121000985365564  0.112305915844588
0.100305271934897  0.097930935966834
0.0784045151543061  0.083678564571171
0.057159877871008  0.0713982911193488
0.0410402852021835  0.0637078589074727
0.0391476848903034  0.0630878622775706
0.0529638022443267  0.0697257574336898
0.0731881945984976  0.0812931630876333
0.0944331527508638  0.095084057488278
0.114558565337027  0.109143892791397
0.132478225611361  0.122205877645599
0.147500899472355  0.13343437966658
0.159141688575749  0.142261503807433
0.167061768772066  0.148304471294445
0.171047603587085  0.151326200201696
0.171003410495604  0.151217112871654
0.166948134789804  0.147987775506604
0.159014034152607  0.141768313813642
0.147446671356501  0.132814539552339
0.13260857140014  0.121524637087127
0.114993574315627  0.108476278257154
0.0952725160500616  0.0945046922014718
0.0744379909488347  0.0808555667422129
0.0543021468396719  0.0694189810810878
0.0392115629378786  0.0627700980821703
0.0377838170786643  0.0631041430711529
0.0510979631521869  0.0702503300182341
0.0703823160170342  0.081847880772285
0.0906076065319652  0.0953646279330378
0.109756522567488  0.108994781649891
0.126797727184986  0.121559010873125
0.141073001498516  0.132271954542037
0.15212026680438  0.140597314650622
0.159616723092439  0.146174408961734
0.163359170035941  0.14878298111274
0.163256872826027  0.148327036476216
0.159328721746406  0.144828619743389
0.151701957795761  0.138428137773663
0.140612311007069  0.129391612571948
0.126407789611174  0.118129215847718
0.109563050725838  0.105235703853966
0.0907246860285301  0.0915741445942131
0.0708541602210374  0.0784351453159614
0.0517173223840263  0.0677590668264158
0.0375443995621957  0.0620831928709622
0.0365127167232816  0.0633257793499069
0.0493628655633842  0.0709883231115788
0.0677959667219118  0.08268123227353
0.0870987756104626  0.0960177963304972
0.105364121894186  0.109317497170467
0.121610485063419  0.121476144617829
0.135209743591985  0.131752456431815
0.145720638612125  0.139638335793357
0.15283499199818  0.144793200981738
0.15635903833891  0.147012497440109
0.156206656581876  0.146213371443438
0.152396697775179  0.142429527761105
0.145051834901454  0.135812468037588
0.134398825103915  0.126639943106463
0.12077240231902  0.115336524156313
0.104629629691914  0.102517784780704
0.0865947453208771  0.089080530569527
0.0676002257623918  0.0763693855152823
0.0493680785862693  0.0663857003295333
0.0360178044863091  0.0616328312070255
0.0353251548972918  0.0637559857521203
0.047744769992924  0.0719515426685345
0.0654029746293348  0.0838026606254051
0.0838669845125566  0.0970449233129664
0.101328893775981  0.110103708790438
0.116852583156843  0.121939373300281
0.129837468682654  0.131849155523138
0.139861356428208  0.139350024090753
0.146629458598045  0.144119635102211
0.149956650481331  0.145968093559659
0.149761037662973  0.144825295871066
0.146061436524832  0.140736817220342
0.13897633397556  0.133866081134275
0.12872425544563  0.124504100153959
0.115627737462075  0.113092311819285
0.100127632735023  0.100271030607357
0.0828274820459075  0.0869772311419048
0.0646326709711448  0.074619802785826
0.0472236031954968  0.0652731557784229
0.0346143314825164  0.0614098762813577
0.0342131014586033  0.0644015621562972
0.0462318783250465  0.0731554572678025
0.0631813655075151  0.0852274710359429
0.0808791628061937  0.0984562790387262
0.0976072249722645  0.111356972705891
0.11247095838398  0.122945267472386
0.124895060413167  0.132551907408253
0.134474854656664  0.139716017757883
0.140927856967696  0.144131745768274
0.144076880687908  0.145622886268537
0.143843912307753  0.144131745768274
0.14024773114005  0.139716017757883
0.133402966692154  0.132551907408253
0.123520557181111  0.122945267472386
0.110911782578413  0.111356972705891
0.0960024990253389  0.0984562790387262
0.0793770115867108  0.0852274710359429
0.0619153075343269  0.0731554572678025
0.0452582356766826  0.0644015621562972
0.0333193527210957  0.0614098762813577
0.0331695338243512  0.065273155778423
0.044813986878609  0.074619802785826
0.0611125231004854  0.0869772311419048
0.0781074914567384  0.100271030607357
0.0941625313262349  0.113092311819285
0.108421157572047  0.124504100153959
0.12033135149879  0.133866081134275
0.129504583565459  0.140736817220342
0.135669710206947  0.144825295871066
0.13865685882055  0.145968093559659
0.138391587533659  0.144119635102211
0.134892632024973  0.139350024090753
0.12827104998743  0.131849155523138
0.118730757268997  0.121939373300281
0.1065726052087  0.110103708790438
0.092208525662647  0.0970449233129664
0.0762048863022859  0.0838026606254051
0.059417795827106  0.0719515426685345
0.0434504333469482  0.0637559857521203
0.0321205054956934  0.0616328312070255
0.0321882818175677  0.0663857003295333
0.043482214611876  0.0763693855152822
0.0591805482887723  0.089080530569527
0.0755283740970449  0.102517784780704
0.0909638698086354  0.115336524156313
0.104665633023958  0.126639943106463
0.116103153301697  0.135812468037588
0.124902828708866  0.142429527761105
0.130803999211589  0.146213371443438
0.133643550088224  0.147012497440109
0.133350333922171  0.144793200981738
0.129943033892954  0.139638335793357
0.123529386194396  0.131752456431815
0.114306782840474  0.121476144617829
0.102566379806945  0.109317497170467
0.0887071377118812  0.0960177963304972
0.0732786469480763  0.08268123227353
0.057114509725437  0.0709883231115788
0.0417819769372592  0.0633257793499069
0.031007265318624  0.0620831928709622
0.0312639007421374  0.0677590668264158
0.0422287874080832  0.0784351453159614
0.057371763437639  0.0915741445942131
0.073121644923866  0.105235703853966
0.0879848706844894  0.118129215847718
0.101172431056864  0.129391612571948
0.112173739073556  0.138428137773663
0.120629031502726  0.144828619743389
0.126287366158838  0.148327036476216
0.128991888739783  0.14878298111274
0.128674497340864  0.146174408961734
0.125353812703752  0.140597314650622
0.119134470641114  0.132271954542037
0.110207782146977  0.121559010873125
0.098855861073873  0.108994781649891
0.0854655485859009  0.0953646279330378
0.0705706999476014  0.081847880772285
0.0549836558283505  0.0702503300182341
0.0402373532853553  0.0631041430711529
0.0299706127835508  0.0627700980821703
0.0303915667719175  0.0694189810810878
0.0410468648839088  0.0808555667422129
0.0556743242800089  0.0945046922014718
0.0708699514494461  0.108476278257154
0.0852029063079284  0.121524637087127
0.0979141712435537  0.132814539552339
0.108511663094761  0.141768313813642
0.11664848118084  0.147987775506604
0.122082714589435  0.151217112871654
0.124663322999336  0.151326200201696
0.124325025940629  0.148304471294445
0.121086371502322  0.142261503807433
0.115049091815762  0.13343437966658
0.106398812441221  0.122205877645599
0.095409190143442  0.109143892791397
0.0824557117568228  0.095084057488278
0.0680574381181057  0.0812931630876333
0.0530065829903943  0.0697257574336898
0.0388032707271201  0.0630878622775706
0.0290027708944722  0.0637078589074728
0.0295669901403834  0.0713982911193488
0.0399303998996553  0.083678564571171
0.0540779125656725  0.097930935966834
0.0687582682016811  0.112305915844588
0.0825984371213111  0.125594492257019
0.0948672434748561  0.136983745884795
0.105089831676413  0.145909457370552
0.112931285429714  0.151983016274956
0.118158107315031  0.154957279240949
0.120624669059824  0.154711577611227
0.120268309479293  0.151246658781028
0.117107494026406  0.144686175373653
0.111241227235993  0.135285247140467
0.102849804475254  0.123450892645304
0.0921989519044484  0.109786287004521
0.0796534924687963  0.095184251099735
0.0657185454255263  0.0810134549828469
0.0511672358749263  0.0694060129518018
0.0374682750524264  0.0632772038775085
0.0280969959727721  0.0649167618805922
0.0287863426481984  0.0737387087778906
0.0388740235392628  0.086964027812488
0.0525734901536827  0.101926950634795
0.0667735097065397  0.116809609080872
0.0801544919617068  0.130432015750368
0.0920111701728667  0.141998243630081
0.101884765230386  0.150953897578942
0.109451552567208  0.156917460314473
0.114485890551845  0.15964884536496
0.116847199991805  0.159035975906895
0.116475256204843  0.155090748203148
0.113388432567427  0.147951427294672
0.107683164546291  0.137892476293603
0.099534737840403  0.125347453770132
0.0892014238861889  0.110958802664807
0.0770380074026882  0.0956842544902002
0.0635364423566744  0.0810113098370524
0.0494517186703043  0.0692853956664722
0.0362224424882905  0.0636759662331739
0.0272474097430616  0.0664242652263712
0.0280461967749683  0.0764932115054659
0.0378729501553992  0.0907872946570184
0.0511531004015502  0.106586505101154
0.064904219605016  0.122096087747061
0.0778562512991848  0.136157776904574
0.0893280950966706  0.147987368777603
0.0988760068604836  0.157036556477396
0.106186736028398  0.162928286706228
0.111041991723855  0.165427789407083
0.113305915096954  0.164430632897871
0.112920552323303  0.159959674774708
0.109904175984579  0.152168367483614
0.104350795935962  0.141351918467916
0.0964309786625578  0.127972887915687
0.0863959727556993  0.112717282033096
0.0745910938532737  0.0966163268503342
0.0614958398150221  0.0812963292801442
0.0478479439094877  0.0693608850319592
0.0350571322650959  0.0642916917316302
0.0264488633851645  0.0682667372270609
0.0273434742614879  0.0797293863334872
0.0369228983857166  0.0952439694262198
0.0498097063590745  0.112029184794825
0.0631403187715977  0.128305088778531
0.0756907101774021  0.142927938962781
0.0868023701730815  0.155119853920949
0.0960456444444662  0.164334636870574
0.103117104622567  0.170196817392657
0.107805351905502  0.172474994163142
0.109978949224107  0.171071297754783
0.109582063163131  0.166019304318378
0.106632857603987  0.157488253047377
0.101223047211985  0.145795591179272
0.0935187435066135  0.131435501398986
0.0837645656335684  0.115142137574766
0.072296879714144  0.0980296761975641
0.0595833775510697  0.0818867538975873
0.0463453476414166  0.0696320382038093
0.0339647856956436  0.0651360672413714
0.0256968266312362  0.0704919623413718
0.0266754024709945  0.0835341512510003
0.0360200250011677  0.100456715367714
0.0485370578906108  0.11840907309324
0.0614728996054281  0.135617731707551
0.0736464034625417  0.150946112879696
0.0844202189502107  0.16361691146742
0.0933779214452695  0.173081649431809
0.100225311152694  0.178963168725206
0.104757463604325  0.181031175134318
0.106847091637253  0.17919306604768
0.106440345299495  0.173492791369408
0.10355527271143  0.164115979922141
0.0982814124201564  0.151403904076374
0.0907806622605638  0.135885139460273
0.0812913715061448  0.118346811459277
0.0701414326127162  0.0999963023359439
0.0577873290115879  0.0828121467684577
0.044934656779075  0.0701010132608998
0.032938761874332  0.0662255592302632
0.0249872966549749  0.0731627765791894
0.026039477178323  0.0880205412459559
0.0351608691524709  0.106585025053948
0.0473295817468624  0.125927291702311
0.059894056784176  0.144271576715738
0.0717131802383862  0.160480632878614
0.0821694604726695  0.173771369873602
0.0908589176971482  0.183587995678395
0.0974960386262475  0.189547815319685
0.101881991665862  0.191418915832637
0.103893391361295  0.18911234367435
0.103478246302405  0.182681906551918
0.100654482626194  0.172330196809423
0.0955095718881246  0.158423978238279
0.0882014192860683  0.14152912219326
0.0789624339152407  0.122490698487005
0.0681124716969814  0.102620139209279
0.0560973587961305  0.0841178326688635
0.0436076978066236  0.0707727714263341
0.0319732024378033  0.0675823622379476
0.0243167227275826  0.076362420250817
0.0254334307001627  0.0933376737696441
0.0343423051083091  0.113839596382498
0.0461822900001658  0.134850520112479
0.0583967470570424  0.154582946212262
0.0698820172891558  0.171890252540384
0.080039281194995  0.185976224245284
0.0884762858258285  0.196271763358128
0.0949157081662025  0.20238393953877
0.0991644602941291  0.204075812371955
0.101102831333578  0.20125997459793
0.100680574226313  0.193999299489107
0.0979154877116176  0.18251383636381
0.09289307671542  0.167197573533631
0.085767456935241  0.148656690977641
0.0767654004700371  0.127799185181813
0.0661991293924851  0.106051545075389
0.0545043220963738  0.0858722893974955
0.042357238516763  0.0716555846328253
0.0310629195606017  0.0692357905230747
0.0236819435282572  0.0802025917327547
0.0248552044865215  0.0996857589524371
0.0335615019780646  0.122504045196384
0.0450907032914495  0.145539061783421
0.0569746723478547  0.166980865930954
0.0681448639126839  0.1856633362582
0.078020045381903  0.200768303726105
0.086219032237878  0.211705951959159
0.0924722363563342  0.218067167835156
0.0965919930546198  0.21960556316875
0.0984620577078714  0.216232439661061
0.0980338230184082  0.208018502188644
0.0953249556765587  0.195201586160322
0.0904190865755767  0.178204682900582
0.083466729123569  0.157677384140028
0.0746892979833169  0.134595415454797
0.0643917532995651  0.110510754323398
0.0530000978769937  0.0881797073082983
0.0411768563122622  0.0727621366735802
0.0302033026573978  0.0712243300232545
0.0230801346828162  0.0848359048915695
0.0243029254566912  0.10733939016269
0.0328158892172869  0.132968705587966
0.0440507861131271  0.158490682423158
0.0556221817079363  0.182060248320249
0.0664945120293506  0.20247945052708
0.0761031365655093  0.218897086748616
0.0840773340701977  0.230693092732055
0.0901548324738731  0.23743436271627
0.094153095633999  0.238859116043897
0.0959591536753474  0.234873394477509
0.0955259430734402  0.225553787922163
0.092870994528679  0.211155939358914
0.0880761505847104  0.192133632041766
0.0812884953519187  0.169183060337568
0.0727243444883583  0.143352084092192
0.0626817405508599  0.116326877482136
0.0515774493550926  0.0912019566131943
0.0400608280125268  0.0741118843848972
0.0293902402448144  0.0735987260432369
0.0225087646238725  0.0904758207227817
0.0237748854926136  0.116684966823167
0.0321031269500303  0.145785138613215
0.0430588919403594  0.174411551817385
0.0543341886174994  0.200668234669859
0.0649244868543261  0.223309657661226
0.0742808242336972  0.241437079901218
0.0820423853481736  0.254387446707689
0.0879538281205655  0.261693007712709
0.0918374733322825  0.26306828800941
0.0935834494538677  0.258408309835331
0.0931461484757308  0.247792424323964
0.090542961821291  0.231493536273493
0.0858540231839507  0.209997952065539
0.0792231476235452  0.184051786857133
0.0708617912579808  0.154778862280896
0.0610613985841732  0.124004938297806
0.0502299067038418  0.0951983830764213
0.039004037177811  0.0757362762763257
0.0286200541643415  0.0764267873619462
0.021965557263392  0.0974298663324427
0.0232695236061549  0.128283364846494
0.0314210803261626  0.161757782758737
0.0421117164730301  0.194335963855571
0.0531061008658423  0.224050402077365
0.063428954393534  0.249586895921225
0.0725461511471649  0.269979322049807
0.0801062670183654  0.28450387504767
0.0858605333341051  0.292643028903803
0.0896358769447367  0.294075538954703
0.0913253618442159  0.288676708578097
0.0908847542372351  0.276523508283614
0.0883313035801526  0.257904488597482
0.0837435086615286  0.23333999163352
0.0772620642740814  0.203629607371651
0.0690937893763281  0.169976367085502
0.0595238275393789  0.134345805274273
0.0489516679560884  0.100600890116678
0.0380018957866435  0.0776908531602917
0.0278894439431552  0.0798012186391649
0.0214484602747371  0.106157802787189
0.0227854103801212  0.14298023417975
0.0307677972763938  0.182105965697541
0.0412062575979504  0.219838817872905
0.051933760803341  0.254111229389921
0.0620026427870937  0.283510599822703
0.0708928376233688  0.306974967901953
0.078261836611822  0.323693869309369
0.0838671144707367  0.333077507738269
0.0875399719851692  0.334750472947
0.0891762580976905  0.328554587741889
0.0887330382029735  0.314555662242768
0.0862274176415827  0.293054157414086
0.0817363292348734  0.264605314116338
0.0753974859456518  0.230066152623867
0.0674132765174125  0.190722001587102
0.0580628204565604  0.14867160533477
0.0477375148954893  0.108162365098463
0.037050277738754  0.0800850189490877
0.0271954395152417  0.0838532086121217
0.0209556180191456  0.117379833006738
0.0223212343502502  0.162112272916568
0.0301414891424057  0.208768376748371
0.0403397809508834  0.253436747936438
0.0508133941945421  0.293907922409698
0.0606407751155008  0.328626635399004
0.0693151998545082  0.356392066109248
0.0765026341391201  0.376267256784823
0.0819664900871132  0.387554861075472
0.0855422272063198  0.389795691683418
0.0871283398837665  0.382775060360706
0.086683123352861  0.366531838056198
0.084223537177848  0.341370174424254
0.0798250126189352  0.307879187055327
0.0736224098793198  0.266977686317271
0.0658138804426412  0.220037353548326
0.0566727782062426  0.169276996955297
0.0465827413548569  0.119266754842795
0.0361454621519504  0.0831606495710911
0.0265353608727833  0.0887780035657214
0.0204853483376333  0.132293715855982
0.0218757900502245  0.187923457820796
0.0295405137509747  0.245020899526564
0.0395097901697213  0.299406405816964
0.0497415662425343  0.348662933375004
0.059339011745546  0.391022322941638
0.06780807989568  0.425075633660894
0.0748228014779337  0.44969412448098
0.080152241781436  0.464013786101824
0.0836358191574133  0.467440587972779
0.0851745439626197  0.459661928359226
0.0847278770558371  0.440659319506452
0.0823126310027083  0.410722036543897
0.0780027957939402  0.370466433763673
0.0719304994382586  0.320876642569519
0.0642898364016103  0.263417431001709
0.0553486366730815  0.200412058784107
0.04548309183696  0.13662392899068
0.0352840848106296  0.0875179446281654
0.0259067834906938  0.0948884829829028
0.0200361225758083  0.153054958507942
0.0214479674865505  0.224491559098798
0.0289633605745304  0.296861184391371
0.038714001097345  0.365630217652149
0.0487151436229712  0.428062453215585
0.0580934006559409  0.4820564440511
0.0663667854065376  0.52587445386221
0.0732170130325186  0.55807978203457
0.0784185375294101  0.577533794536899
0.0818145501358061  0.583411181280965
0.0833084568093488  0.575219546871899
0.0828608244829491  0.552818419881336
0.0804883178931793  0.516437027920936
0.0762635423056043  0.466694535732828
0.0703160063556443  0.404635989756205
0.0628359161501903  0.331828127579218
0.0540858041800405  0.25068978939805
0.0444347087640294  0.165990396048955
0.0344630964309276  0.0948325414777353
0.0253075085828702  0.102744791253673
0.0196065483251929  0.183987238751183
0.0210367428469422  0.28008243791264
0.0284086376800775  0.376557560489898
0.0379503193256373  0.468368137068399
0.0477312615785592  0.552249589781904
0.0569003344698513  0.625538946836795
0.0649870375835923  0.68593593362312
0.0716804158547843  0.731464601861597
0.0767600655059454  0.760489501070214
0.0800727773779232  0.771747238525443
0.0815242409450575  0.764380332776757
0.0810760739014263  0.737968436795918
0.078744792673101  0.692555700404752
0.074601670922038  0.628676556319637
0.0687737036623577  0.547389653362852
0.0614473667200568  0.450353735186202
0.052880107509564  0.340083217571379
0.0434340869726061  0.221167160550001
0.0336797266516239  0.110411593645877
0.0247355374202139  0.113538405741571
0.0191953544572399  0.235260864118656
0.0206411702762022  0.374386940506161
0.0278750602168158  0.513693865551927
0.0372168205785033  0.647294472018316
0.0467872952941802  0.770950075853036
0.05575651315025  0.880939283093438
0.0636649260019404  0.973872794198853
0.0702085777432386  1.04669285048638
0.0751719767461171  1.09672086381225
0.0784053517235048  1.12171788815099
0.0798165711348517  1.11994593445773
0.0793682519824031  1.09022515162223
0.0770767622101912  1.03198486933886
0.0730120938631734  0.945309021035653
0.0672988276172967  0.830981399613635
0.0601198574089914  0.690551769088426
0.0517277451731318  0.526510912867285
0.0424780343182092  0.343088820317267
0.0329314528549436  0.153816762280902
0.024189049077591  0.130646693953297
0.0188013781004786  0.337936271677173
0.0202603745787419  0.568697566790089
0.0273614402323915  0.802190835524034
0.0365117335174009  1.03089550624406
0.0458808349086358  1.24850292799435
0.0546589114972215  1.44893965789256
0.0623968693107354  1.62626027605207
0.0687974420976201  1.77469687071161
0.0736498352892488  1.88874969858262
0.0768075642985959  1.96328994017049
0.0781805789371735  1.99366428072045
0.0777324475839845  1.97579642714952
0.0754793898037394  1.90628274639715
0.0714901631325016  1.78248066010122
0.0658870272579878  1.60259082957703
0.0588494337301564  1.36574122146186
0.0506252468172188  1.07211050802581
0.0415636374532727  0.72330984361519
0.0322159730780624  0.325653179278448
0.0236663810871458  0.171014150113585
0.0184235532711119  0.654789207117628
0.0198935447278128  1.19890033469977
0.0268666776402849  1.78216713192858
0.0358334246222462  2.39699446299282
0.045009663628554  3.03604401540424
0.0536047507339471  3.69159097904648
0.0611795809083376  4.35550335560146
0.0674432885176129  5.01932864647083
0.072189574683786  5.67441277351958
0.0752751000135158  6.31203251635359
0.0766118043501566  6.92353422275654
0.0761641627364269  7.5004745881716
0.0739482467023784  8.03476027423928
0.0700316237339635  8.51878352214047
0.0645343204269478  8.94555112984983
0.0576324772753963  9.30880433803014
0.0495694378445996  9.60312735482379
0.0406882320023926  9.82404246226407
0.0315311824026323  9.9680898913827
0.0231660125644772  10.0328909288838
0.0180609009159242  10.017193022332
0.0195399280789925  9.92089597847737
0.0263897521877617  9.74505869499221
0.0351803848570282  9.49188622334687
0.0441717384988473  9.16469732331063
0.052591473587649  8.76787303110458
0.0600100388701079  8.3067871172627
0.0661426983044959  7.78771965114076
0.0707874599198834  7.21775521247018
0.0738039968750774  6.60466759488834
0.0751061535122379  5.95679313653142
0.0746592697708829  5.28289510745289
0.072479269703819  4.59202193949886
0.0686325727618648  3.89336266916183
0.0632370553219131  3.19610431849086
0.0564656706233944  2.50930007528594
0.0485574084847349  1.8417732906925
0.0398493764891831  1.20216887108792
0.0308751523123033  0.600076137604469
0.0226865494465487  0.100983156809738
0.0177125201659065  0.497726947421887
0.0191988252001267  0.955961262742693
0.0259297162961646  1.35971339247222
0.0345512178756932  1.70332348933785
0.043365173456542  1.9841029658437
0.0516167223690962  2.20075374363344
0.0588854595214467  2.35314538652425
0.0648925241632555  2.44224107839295
0.069440054010601  2.47004189199088
0.0723906102775171  2.43952442554468
0.0736598615863878  2.35456614008324
0.0732139737078625  2.21985783127574
0.0710687239613569  2.04080465125215
0.0672894235185935  1.82341852436591
0.0619918767749514  1.57420704374328
0.0553459665666841  1.30006986073112
0.047586486673096  1.00823477904495
0.0390448294752055  0.706367913775218
0.0302461125919326  0.403770928104704
0.0222267115392516  0.131403349782837
0.017377580631378  0.23151965311668
0.0188695852422539  0.499244476315866
0.0254856886639689  0.754718591978779
0.0339446295618751  0.985880303976689
0.0425882243541344  1.18728413801563
0.0506783196339007  1.35506678608055
0.0578032741465082  1.48639711843298
0.0636898635160582  1.57937304217837
0.0681441885684657  1.63299479972605
0.0710315815716399  1.64714760547519
0.0722694600980566  1.62257681944273
0.0718247791644164  1.56085103699572
0.0697131702633796  1.46431253866461
0.0659988739514524  1.33601674544964
0.0607956965938263  1.17966492310531
0.0542705610486663  0.999540316098069
0.0466542142025127  0.800477331988315
0.0382725294583501  0.587977934756085
0.0296424354107352  0.369127900680628
0.0217853211209454  0.161942481082996
0.0170553155959973  0.141781021782212
0.0185516017864486  0.336041112681398
0.0250568485386353  0.539502221277956
0.0333594187274614  0.730565919100301
0.0418392756874731  0.902796582395793
0.0497742510742748  1.05191154399141
0.056761108403375  1.17459377171658
0.0625320349310792  1.26829265144634
0.0668969378275134  1.33119264761225
0.069723810322579  1.36221552470864
0.0709317481125115  1.36102370083612
0.07048846115638  1.32801504547196
0.0684094361682748  1.26430628616988
0.0647578788120823  1.17170521511828
0.0596456674044571  1.05267455587882
0.0532368692980742  0.91029542550205
0.045758325694488  0.748253395208229
0.0375305771495293  0.570929762434618
0.0290626212880382  0.384009115803764
0.0213612928881438  0.199143142435843
0.0167450159890422  0.105718405654891
0.0182443091103344  0.251613275880661
0.0246424305764213  0.435858500274389
0.0327944688210675  0.61508903608344
0.041116828803548  0.781051795678342
0.0489026503439547  0.928942358074245
0.0557567640827796  1.05502833165883
0.0614165572474868  1.15628413486196
0.0656955956461748  1.23033354516715
0.0684644297580376  1.27545787859927
