0.515708419149271
0.930727538308244
1.10765903811482
1.00124241230531
0.638699893010662
0.112772783974589
-0.44200251377314
-0.883709999598914
-1.09935733211188
-1.03378018243549
-0.703753714952152
-0.193701364805108
0.365901358478616
0.831903559834807
1.08509811347503
1.06071580818763
0.764993834537252
0.273580261156955
-0.287817352019845
-0.775588962601652
-1.06495865414551
-1.081903323072
-0.822088386251924
-0.351976602369882
0.208173638393229
0.715071381581099
1.03904809159837
1.0972279101097
0.874727969773606
0.428465551878391
-0.127401813783451
-0.6506787667881
-1.00750683741701
-1.10660652403583
-0.922627326638362
-0.502632609437893
0.0459395877063533
0.582760067381364
0.970505816390655
1.10998834132891
0.965526886081217
0.574075857337446
0.0357715889768513
-0.511683340677629
-0.928245540258112
-1.10735503562803
-1.00319417167262
-0.642408138426651
-0.117288916320046
0.437833757617177
0.880955021117286
1.09872087704495
1.03542506112835
0.707259154153798
0.198170644863484
-0.361611515489135
