1.11  0.25  -5.8
56
0.515708419149271
1.05343440799233
1.00124241230531
0.388359687881925
-0.44200251377314
-1.02484552476572
-1.03378018243549
-0.463803123302936
0.365901358478616
0.990702914845097
1.06071580818763
0.536733169413651
-0.287817352019845
-0.951191599991836
-1.081903323072
-0.606754611975346
0.208173638393229
0.906525695444488
1.0972279101097
0.673487998723937
-0.127401813783451
-0.856947249609765
-1.10660652403583
-0.736571695654679
0.0459395877063533
0.802724932381252
1.10998834132891
0.795663846748167
0.0357715889768513
-0.744152579193974
-1.10735503562803
-0.850444226517727
-0.117288916320046
0.681547598704715
1.09872087704495
0.900615975339071
0.198170644863484
-0.615249252727006
-1.0841326548331
-0.945907208158326
-0.277978469512382
0.545616817741962
1.06366942383262
0.986072487860692
0.35627990475021
-0.473027637947905
-1.03744207606529
-1.02089415531544
-0.432650628315173
0.397875080399454
1.00559273980106
1.05018350888959
0.506676780639312
-0.320566403317379
-0.968294009352657
-1.07378182703841
