0.515708419149271
0.98761259609271
1.09920570053595
0.809775178482966
0.224914075453625
-0.44200251377314
-0.94766316072511
-1.10758750261102
-0.863430282017406
-0.304267468974222
0.365901358478616
0.902578256581522
1.10996719204516
0.912406382043732
0.381972010717917
-0.287817352019845
-0.852602202663775
-1.10633187309514
-0.956438072832483
-0.457606613040477
0.208173638393229
0.798005823538104
1.09670124586932
0.995286742836256
0.530761405478734
-0.127401813783451
-0.739084981713365
-1.08112749957108
-1.02874186774635
-0.601039955874143
0.0459395877063533
0.676158974336462
1.05969502968093
1.05662215134223
0.668061418672994
0.0357715889768513
-0.609568802893446
-1.0325199806102
-1.07877650795148
-0.731462598761465
-0.117288916320046
0.539675325292912
0.999749616304297
1.09508488119612
0.790899919651412
0.198170644863484
-0.466857300345731
-0.961561522206719
-1.10545889458853
-0.846051285351127
-0.277978469512382
0.391509335238238
0.918162642908093
1.10984233045132
0.896617825831424
0.35627990475021
