0.45427940621095
1.06183964887948
1.05864979490947
0.747115368633744
0.304846269332609
-0.455191319387229
-0.979365051370034
-1.12330217985035
-0.852696676991011
-0.259884679493277
0.435162355963596
0.971394210960603
1.09303596136212
0.966242732428455
0.363028091999017
-0.212422296745896
-0.904278567586251
-1.09271354569716
-1.02459399309511
-0.479369500429965
0.175818902935488
0.816395730614419
1.11943281416694
1.09513941807284
0.516704220477676
-0.108591352557593
-0.732774612781364
-1.06833601836142
-0.892588054811254
-0.538853989480612
0.0249804607564196
0.715752809755594
1.02869045740326
1.15789087116648
0.645820279375446
-0.0911309662444154
-0.641450701128821
-0.99767765581933
-1.13286299816742
-0.712730156087204
-0.0545738730557661
0.615848720020876
0.969641687180539
1.0831598342677
0.928630585825142
0.215571983606668
-0.386801847506994
-0.92837553376416
-0.934328449469527
-0.880113411898798
-0.231744200872936
0.319988087683735
1.00482170077958
1.01169513918424
0.946986118548895
0.309792133162963
