0.479817357184345
1.01889326192575
1.09528610641297
0.794730032161282
0.20018745877297
-0.501235337512919
-0.938686928248866
-1.11290983956161
-0.86790142124294
-0.304754352813942
0.38720686559802
0.90390527289702
1.10806029702958
0.887827449546364
0.420680380269928
-0.254773406578873
-0.856204030217533
-1.10852324279058
-0.938005703341176
-0.472680588761451
0.236992964018696
0.844218785731749
1.10722144657566
0.980329237049941
0.543106984524995
-0.150753185120728
-0.660379990817635
-1.07436458754746
-1.04883027839463
-0.630570629147637
0.0379129540778221
0.665709298850902
1.02865615493942
1.02901360500054
0.657987477268149
0.0423938598564121
-0.631189273552221
-1.03924199422385
-1.08951963165094
-0.721561322796347
-0.152712388066478
0.519094421182576
0.982641262059325
1.09024090621137
0.794898724390047
0.196927898429499
-0.508918322585955
-0.956933756378261
-1.10177291219002
-0.840500658050808
-0.261708555238635
0.433428845814064
0.919839556338796
1.05841223633094
0.841818262156361
0.350560008224482
