0.515708419149271
0.98761259609271
1.09920570053595
0.809775178482966
0.224914075453625
-0.44200251377314
-0.94766316072511
-1.10758750261102
-0.863430282017406
-0.304267468974222
0.365901358478616
0.902578256581522
1.10996719204516
0.912406382043732
0.381972010717917
-0.287817352019845
-0.852602202663775
-1.10633187309514
-0.956438072832483
-0.457606613040477
0.208173638393229
0.798005823538104
1.09670124586932
0.995286742836256
0.530761405478734
-0.127401813783451
-0.739084981713365
-1.08112749957108
-1.02874186774635
-0.601039955874143
0.0459395877063533
0.676158974336462
1.05969502968093
1.05662215134223
0.668061418672994
0.0357715889768513
-0.609568802893446
-1.0325199806102
-1.07877650795148
-0.731462598761465
-0.117288916320046
0.539675325292912
0.999749616304297
1.09508488119612
0.790899919651412
0.198170644863484
-0.466857300345731
-0.961561522206719
-1.10545889458853
-0.846051285351127
-0.277978469512382
0.391509335238238
0.918162642908093
1.10984233045132
0.896617825831424
0.35627990475021
-0.314039747121694
-0.869788160695533
-1.10821143456574
-0.942325516628224
-0.432650628315173
0.234868350406272
0.816700221079438
1.10057504489791
0.982926663804864
0.506676780639312
-0.154424181750389
-0.759186512204267
-1.08697454370507
-1.018201246227
-0.577957207589363
0.0731431750738845
0.697558705841554
1.06748363328157
1.04795810787622
0.64610563435576
0.00853420080566132
-0.632150768413571
-1.04220793655974
-1.07203599374101
-0.710752758709299
-0.0901653291116158
0.563317151200356
1.01128442473007
1.09030442367172
0.771548252281912
0.171307843686954
-0.491430869537514
-0.974880674982451
-1.10266439946372
-0.828162659026447
-0.251522026214792
0.416881481413789
0.933193962390889
1.10904894133729
0.880289180567536
0.330373189090046
-0.34007297642258
-0.886450190862762
-1.10942345090685
-0.927645338768568
-0.407434031029221
0.261421586507323
0.834902668945982
1.1037858986726
0.969974506505192
0.482286952653098
-0.181353530364532
-0.77883073712803
-1.09216683501853
-1.00704729834993
-0.554526319493942
0.100302703727751
0.718538254065646
1.0746292246573
1.0386628136317
0.623760660163836
-0.0187083280489796
-0.654351949948443
-1.05126810541897
-1.06464972513393
-0.689614787772045
-0.0629874296804274
0.586619655919703
1.02221007323274
1.08486720753161
0.751731833095285
0.144341853071
-0.515708419149271
-0.98761259609271
-1.09920570053595
-0.809775178482966
-0.224914075453625
0.44200251377314
0.94766316072511
1.10758750261102
0.863430282017406
0.304267468974222
-0.365901358478616
-0.902578256581522
-1.10996719204516
-0.912406382043732
-0.381972010717917
0.287817352019845
0.852602202663775
1.10633187309514
0.956438072832483
0.457606613040477
-0.208173638393229
-0.798005823538104
-1.09670124586932
-0.995286742836256
-0.530761405478734
0.127401813783451
0.739084981713365
1.08112749957108
1.02874186774635
0.601039955874143
-0.0459395877063533
-0.676158974336462
-1.05969502968093
-1.05662215134223
-0.668061418672994
-0.0357715889768513
0.609568802893446
1.0325199806102
1.07877650795148
0.731462598761465
0.117288916320046
-0.539675325292912
-0.999749616304297
-1.09508488119612
-0.790899919651412
-0.198170644863484
0.466857300345731
0.961561522206719
1.10545889458853
0.846051285351127
0.277978469512382
-0.391509335238238
-0.918162642908093
-1.10984233045132
-0.896617825831424
-0.35627990475021
0.314039747121694
0.869788160695533
1.10821143456574
0.942325516628224
0.432650628315173
-0.234868350406272
-0.816700221079438
-1.10057504489791
-0.982926663804864
-0.506676780639312
0.154424181750389
0.759186512204267
1.08697454370507
1.018201246227
0.577957207589363
-0.0731431750738845
-0.697558705841554
-1.06748363328157
-1.04795810787622
-0.64610563435576
-0.00853420080566132
0.632150768413571
1.04220793655974
1.07203599374101
0.710752758709299
0.0901653291116158
-0.563317151200356
-1.01128442473007
-1.09030442367172
-0.771548252281912
-0.171307843686954
0.491430869537514
0.974880674982451
1.10266439946372
0.828162659026447
0.251522026214792
-0.416881481413789
-0.933193962390889
-1.10904894133729
-0.880289180567536
