0.320990661932632  0  0.702624052118554  0
0.321862324497239  0.0558433156429977  0.703611467555738  0.0466760441038332
0.324485981845873  0.111477973769688  0.706586410615415  0.093472700416735
0.328888737286198  0.166717907057876  0.711588026067417  0.140520213614179
0.335119516273001  0.221421102016284  0.71868522842732  0.187968643736181
0.343255100475698  0.275509135254637  0.72798280441112  0.235999232605677
0.353409518581216  0.328984561043384  0.739631296147594  0.284837765486351
0.365748088895827  0.381946649203393  0.753842423146523  0.334771044038466
0.380508401150508  0.43460672651868  0.770913078607973  0.386168069555814
0.39803227047835  0.487305100773076  0.791263208583475  0.43950828420711
0.418815887602423  0.540532243386522  0.815497115841658  0.495420370129273
0.443591492677686  0.594957620204853  0.844505985953488  0.554736866526277
0.473466197356823  0.651470329474271  0.879646367384539  0.618572502685575
0.510169889383547  0.711236441690757  0.92306615329135  0.688437892600111
0.556524586331184  0.775778128920547  0.978335365923756  0.766404820999817
0.617398993609154  0.847077681557574  1.05175631723498  0.855342282997353
0.701835308664965  0.927700877809084  1.15533997382818  0.959233444214373
0.828403935101199  1.02090803011268  1.314421478886  1.08352833977905
1.04126641847988  1.13065460716343  1.59074987348305  1.23528811837492
1.47382746100296  1.26124327631614  2.17433230498265  1.4223370504312
2.78218556815768  1.41618488060936  4.00801699232551  1.64974205358171
85.3599049443802  1.59582147069751  122.747487861277  1.91244709322244
2.95271410563959  -1.3473504943409  4.356364512164  -0.952234245246284
1.53436530403966  -1.14332167417744  2.36638066396998  -0.690647055864913
1.12080976688428  -0.950024306774059  1.80877225098206  -0.464762537083007
0.95437987582074  -0.780028400226768  1.59295584040386  -0.278928584598845
0.886084175738159  -0.638560639036955  1.50696774336064  -0.127689565937033
0.866626797427037  -0.524898732461028  1.48260323409294  -0.00301298891220107
0.875510990840929  -0.435470303177379  1.49223018148107  0.102358804175817
0.903249872189231  -0.366102500982282  1.52300213775965  0.194146098728615
0.945354613433518  -0.313058803532804  1.56830883052046  0.276714186482729
0.999934689137295  -0.273337131977672  1.62438576407823  0.3534516623922
1.06666471759816  -0.24465257181193  1.68874723038122  0.427116113581872
1.14636038245681  -0.225325214977763  1.75930643653296  0.50010786945558
1.24088282811432  -0.214162332461124  1.83371212362186  0.574683224985623
1.35328143164546  -0.210363382933145  1.90864326153459  0.653122256211755
1.48819094538371  -0.213453110764194  1.9788530681345  0.737850605952248
1.65260212517868  -0.223240826675306  2.03574486510092  0.831476065385224
1.85729443448101  -0.239802886598373  2.06529623789842  0.936609193435734
2.11958625347367  -0.263486250106903  2.04548189251823  1.05511290963158
2.46897843217408  -0.294932094920269  1.94463056541884  1.18586565939767
2.95989830601633  -0.33511873738644  1.72543677022666  1.31857839164107
3.70457130510714  -0.38542106925355  1.36475037059385  1.41538972272236
4.9759490047116  -0.447676248841022  0.909671779566662  1.34103470319212
7.64923611131104  -0.524226052237658  0.661304361732453  0.733706553677195
16.8454604703776  -0.617863971680111  1.00269995559453  0.216387450413433
81.5439250891322  2.41005396003077  2.10403700017933  -0.0823946880959004
12.2090132979504  2.27401829376427  2.31694429835987  0.154894827471442
6.87996172823619  2.11539301623404  2.74441482904273  0.280563455595041
5.08868648587341  1.93793009735749  3.04600707514664  0.381580552463192
4.36222063466042  1.75032193427049  3.23785212371039  0.437470899619924
4.16091707608396  1.56447401751004  3.40927222558138  0.432494576660025
4.32299630687525  1.39140850111079  3.70689497917006  0.368084645812833
4.82581562696187  1.23785269528516  4.31018060844146  0.26866937273555
5.7544697620064  1.10572134496331  5.43374975716559  0.167961899293404
7.37236468656857  0.993672755678175  7.43703904267208  0.0873482058669972
10.4284541543914  0.898920329216501  11.2387808998259  0.0312338275817899
17.7509111328349  0.818416676442025  20.3049072731139  -0.00461248918201636
55.7408234558415  0.74940469725196  67.091249085975  -0.0260347066668305
53.1262416775222  -2.45200456735538  66.7151739745024  3.10374168558513
18.601104253893  -2.50446558973556  24.1910396733398  3.09812114646348
11.5177125217025  -2.55102015937323  15.4170768423132  3.09641685507426
8.47203727251197  -2.59280356376475  11.6134473776986  3.09713647177951
6.78167376043299  -2.63070610720828  9.48164622245441  3.0993086326336
5.70918532339699  -2.66542916063664  8.11464406483514  3.10230135204146
4.96996635771933  -2.69752884387847  7.16212857473114  3.10570348544365
4.43100197408368  -2.72744940545932  6.4601498212082  3.10924836703995
4.02184317007287  -2.75554853719919  5.92169133033958  3.11276459540948
3.70171577404903  -2.782116555071  5.49624704706499  3.11614410441433
3.44540021427985  -2.80739097525148  5.15246832737646  3.11932125516677
3.23647173114471  -2.83156764832008  4.86985517858135  3.12225900599016
3.06378366826451  -2.85480931966256  4.63443183892791  3.12493967336501
2.91951364896028  -2.87725225890468  4.43634239219937  3.12735870359711
2.79801859226094  -2.89901143358612  4.26844019492916  3.12952044102927
2.69513343417077  -2.92018457906343  4.12542267663042  3.13143523466307
2.60772537382212  -2.94085542646956  4.00328040898854  3.13311745121868
2.5334014752413  -2.96109628461006  3.89893495713866  3.13458410790723
2.47031164648422  -2.98097012333148  3.80999428317483  3.13585393253365
2.41701282287816  -3.00053227032897  3.7345836985515  3.13694672051828
2.37237354078826  -3.01983180707895  3.67122676604838  3.13788289957317
2.33550586064376  -3.03891273008177  3.61876009787631  3.13868324036659
2.30571626731641  -3.05781492907807  3.57627173389663  3.13936867018955
2.28247006475838  -3.07657502306754  3.5430563357946  3.139960159379
2.26536561962171  -3.09522708688046  3.51858269465453  3.1404786589898
2.25411601126429  -3.11380329506226  3.50247053107144  3.14094507420957
