-1.06464093771266  -1.06464093771266
2.57052099853102  2.44489336788093
0.607509719122509  0.216891845902429
-0.660822183932837  1.2746051083863
1.3131374813831  1.51424240725595
-0.194641467516928  -1.53611355920557
-1.6588689116078  -0.691807981496146
-0.765851853083831  -0.632582140179029
-0.412375492197266  -2.10635498092135
1.10597658154733  0.860463764961205
1.16030781467935  1.85804056044774
-0.563165017743447  0.295586183688795
1.13334026755453  1.48083400750403
0.78294435203236  0.0108074865646159
-2.81651529058299  -2.17416986959686
-0.935113285479677  -0.440629841160778
1.41085801489676  -0.892343871031757
-0.575002580738527  -0.906263677235814
0.257848531657443  2.28569481025511
1.79700495923742  1.31648583031715
0.313450439182873  -0.102872403193404
-0.380237830052494  1.08860165893869
-1.25327041512826  -1.32516244216903
-1.28107625631702  -2.30091040697025
0.857095567933147  0.201124645049704
-0.133822576382266  -0.439595640823683
-0.576362017360171  0.3512135636582
2.59232473865778  2.65341410478422
0.942880727796579  0.370887032568178
-2.18954370995294  -0.448629116959795
-0.115148723860025  0.24956531496161
0.0549531635706097  -2.26537074750632
-1.51794425132018  -1.40725115037782
0.176033689701085  1.056233749375
1.07964528008444  -0.0442252265975676
1.10474975226077  1.30199830648253
0.944241931210445  2.22656757681862
-1.23412147929072  -0.87355471685267
-0.711258105120286  -0.782534077486531
0.589100298136266  -0.439750128522448
-1.91986916345064  -2.32640414445839
-0.751423950930904  0.016677618760372
2.74727788240935  1.64521263857697
0.572124674446562  0.197425278285322
-0.717085396570599  1.69054862266639
0.948774697861159  1.03061382111365
-0.484451247300953  -1.97301046550271
-1.47438196756212  -0.741844807459363
-0.666787727039568  -0.725264334310453
-0.295802913097326  -1.62469309831741
1.50030757268803  1.47795556573712
1.18491141377396  1.70827499290078
-0.852437771148  0.117786202065408
0.96415065201312  1.41640576887865
0.549437406500262  -0.475936259273376
-2.88615777397207  -2.43891367843463
-0.722351114880539  -0.252707567358923
1.56667239235967  -0.610328017954772
-0.299446973593248  -0.450779485204768
0.438106750423852  2.47511984852411
1.4699211111682  1.08196029958541
0.0733014586577567  -0.262268892895542
-0.42801219465925  0.731548715676566
-1.49156916758377  -1.73703288104277
-1.19314905327388  -2.0817029983394
1.27209949449878  0.552278129410126
0.0203329166494206  -0.221935585081722
-0.513255968909689  0.722585565000164
2.53198284334463  2.60374516894385
0.624083021454528  -0.0646886063461423
-2.35743451076698  -0.680210969481547
-0.21928766562617  -0.0384832857765851
0.0213739583854374  -2.35158299327456
-1.11440549973047  -0.948287660821079
0.459333469664563  1.37848241828289
0.985250270524834  0.120871079405863
1.14485132240005  1.46179858340994
0.793369743864813  1.86125576241566
-1.66605401761794  -1.33399140244237
-0.775139889591846  -0.892110583637794
0.732754498757117  -0.560187883612111
-1.76333673842191  -2.10907434260801
-0.43623800763329  0.566427382444937
2.84233560883571  1.80465801960738
0.474928761514426  0.205868698260719
-0.806995831114999  1.59404460248279
0.57161020770875  0.499020169835569
-0.711370254120542  -2.26866427884661
-1.21213080623708  -0.652361844277264
-0.531373883137377  -0.649258413398718
-0.16890773391993  -1.20605891681187
1.83826102077902  1.91214586849701
1.12444901242552  1.60913215007858
-1.17223039026699  -0.0382101006605757
0.786719174084582  1.13565338182589
0.348554955186662  -0.971722126635612
-2.8597347959257  -2.43890455402166
-0.459603647564163  0.0245987010094119
1.70935077120212  -0.40343372325583
-0.0523288958956888  -0.0062705110362064
0.54339043719065  2.6297051050184
1.07570841116415  0.734489665167317
-0.161629767612662  -0.503574062236825
-0.440300171886367  0.408147446696148
-1.66008177614912  -2.01389452895754
-1.03135307906518  -1.7684836538787
1.68151143209993  0.910323270104226
0.133461356168793  -0.00795153003795199
-0.500380094722152  1.02281461191491
2.39050570483237  2.42110561586612
0.286730039028985  -0.543339993011918
-2.46507580880486  -0.875580858392431
-0.269246742871079  -0.257910854700932
0.0468870239475309  -2.32037634550673
-0.676599699809768  -0.430481398731494
0.694816721717002  1.66136437485
0.824913630656684  0.222123528732486
1.12792152278106  1.51729645686636
0.60385860445731  1.41343090148515
-2.05335562349697  -1.75831159356591
-0.764626964673019  -0.922870136359006
0.919624769263784  -0.593652718886599
-1.56512882575909  -1.8036345216986
-0.139893528085318  1.09895532644094
2.84631006509047  1.87212670039721
0.322260004254839  0.133390349951198
-0.916485328559505  1.4149372491368
0.201886478243811  -0.0391487976627011
-0.863067068612424  -2.46508902714532
-0.878928114143407  -0.473673678797744
-0.374410830516604  -0.506535968523591
-0.0492071682019886  -0.763179632151783
2.10548172112031  2.25704235662172
0.982923298733473  1.40235948459419
-1.50573677732919  -0.250675462312232
0.618123563056705  0.828266883559418
0.194038834107869  -1.39893406703232
-2.7386950194912  -2.31572638792416
-0.163828734008666  0.361112927034298
1.82160679622573  -0.180058382118329
0.153051483048308  0.391337959674483
0.572293504552943  2.65801538045332
0.631389082825854  0.31094236821571
-0.372202382259451  -0.748009503676202
-0.405806352749668  0.120907243452418
-1.7559743391791  -2.1767266271433
-0.809602066523491  -1.35732880222336
2.06378259738252  1.26739720547032
0.193468569323752  0.165569060566807
-0.539606244261133  1.22887371855428
2.17954805127627  2.12590620680978
-0.0474596130873715  -1.03187879275235
-2.49902306120109  -1.01681291540044
-0.263531606364181  -0.398703723807666
0.122035740848059  -2.17682035151147
-0.22614912539363  0.119455320899241
0.866287737141831  1.87871784904693
0.598469143871749  0.246627907736617
1.06298169809166  1.47388755152934
0.394377213006293  0.911115784996225
-2.37725289962403  -2.11860165104024
-0.677713004439066  -0.864969969599871
1.13917631057521  -0.544450452039674
-1.34245542869291  -1.43258298097876
0.118723004790407  1.58374459439978
2.75506804088113  1.83426058302796
0.125098962034463  -0.0144169538355281
-1.02946273574111  1.17428985967425
-0.141643469659282  -0.553393828508096
-0.932226545872476  -2.54677236240956
-0.486594928847476  -0.21202333317077
