1
0.118
0.651806
-0.176829698
-0.317147221666
0.134350551366078
0.127194194988548
-0.0656877714878545
-0.0376212874578933
0.00797329360434589
0.00698462992457714
0.0268916896254846
-0.00455073490288873
-0.0405476476892798
0.0113320881572566
0.0398120909017989
-0.0177944510451263
-0.0318201480794249
0.0206177517544721
0.0218878436960474
-0.0198120826610951
-0.0130829779872716
0.0166840121550158
0.00663712571448447
-0.0126662303577105
-0.00261235993626511
0.00880579433068244
0.000504758743989159
-0.00566007289605731
0.000336683039099293
0.00339085661228818
-0.000481070949135686
-0.00191694057943166
0.000330088195857758
0.00105059638441993
-0.000118719906616454
-0.000590234996900687
-4.51086730712244E-5
0.000368809716632781
0.000132924386880839
-0.000269381293820706
-0.000155988555654871
0.000221468754076738
0.000138638648537463
-0.000189252437059835
-0.000103806166578542
0.000158720038526284
6.73501552128518E-5
-0.000127266557238252
-3.75732157591581E-5
9.67667895437087E-5
1.70603812508324E-5
-6.9761095926769E-5
-5.02631496036453E-6
4.78605903130767E-5
-7.37403760738508E-7
-3.14537272187886E-5
2.60247727502212E-6
2.00064760736944E-5
-2.47790118526668E-6
-1.25115958928412E-5
1.63007815602082E-6
7.86512125021078E-6
-7.51163847788098E-7
-5.09842184335718E-6
1.24071822040425E-7
3.47593433869626E-6
2.0830253307437E-7
-2.50046403983699E-6
-3.1238325495864E-7
1.87030228991926E-6
2.81569575057468E-7
-1.42155289575824E-6
-1.94906544815688E-7
1.0753614254972E-6
1.03566824168644E-7
-7.98390762683914E-7
-3.25683900645178E-8
5.77530793162705E-7
-1.14869789066617E-8
-4.06156867269125E-7
3.21277361760043E-8
2.78175623867961E-7
-3.66653967632103E-8
-1.86472531256714E-7
3.2355878027631E-8
1.23323523497E-7
-2.46667943381859E-8
-8.13147883268951E-8
1.69302526946707E-8
5.40789567816647E-8
-1.07071913664367E-8
-3.66426311445334E-8
6.3823626765718E-9
2.54296523432335E-8
-3.71685214540488E-9
-1.80519033438925E-8
2.24634791643784E-9
1.30170192036675E-8
-1.51326887271698E-9
