1.45587812589825  0
1.45587352300218  -0.00540031844955572
1.45585970517734  -0.0108028789171887
1.45583664497796  -0.0162099272295247
1.45580429654147  -0.0216237168440694
1.45576259540812  -0.0270465126991918
1.45571145826697  -0.0324805951057992
1.45565078262626  -0.0379282636950025
1.45558044640625  -0.0433918414364196
1.45550030745165  -0.0488736787422092
1.45541020296046  -0.0543761576724636
1.45530994882524  -0.0599016962582365
1.45519933888249  -0.0654527529592315
1.45507814406479  -0.0710318312740451
1.45494611144996  -0.0766414845218546
1.45480296320044  -0.0822843208155644
1.45464839538536  -0.087963008247704
1.45448207667684  -0.0936802803118009
1.45430364691091  -0.09943894158356
1.45411271550239  -0.10524187368798
1.45390885970175  -0.111092041580547
1.45369162268065  -0.116992500172879
1.45346051143102  -0.1229464013357
1.45321499446125  -0.128957001314803
1.45295449927063  -0.135027668598742
1.4526784095813  -0.141161892280465
1.45238606230444  -0.147363290958925
1.45207674421456  -0.153635622230985
1.45174968830287  -0.159982792828725
1.45140406977693  -0.166408869462536
1.45103900167011  -0.172918090436398
1.45065353001957  -0.179514878108292
1.45024662856684  -0.186203852276199
1.44981719292878  -0.19298984457839
1.44936403418061  -0.199877914006055
1.44888587178484  -0.206873363636749
1.44838132579175  -0.213981758708872
1.44784890822692  -0.221208946170569
1.44728701357043  -0.228561075851326
1.44669390821934  -0.236044623421217
1.44606771881034  -0.24366641532171
1.44540641926255  -0.251433655873237
1.44470781638059  -0.259353956788942
1.44396953383568  -0.267435369351379
1.44318899431597  -0.275686419540029
1.4423633996071  -0.284116146432823
1.44148970832822  -0.292734144245092
1.44056461100774  -0.301550608415155
1.43958450213471  -0.310576386198124
1.43854544876531  -0.319823032289275
1.43744315519792  -0.329302870066838
1.4362729231526  -0.339029059122525
1.43502960679937  -0.349015669838264
1.43370756187195  -0.359277765871184
1.43230058797599  -0.369831495528169
1.4308018630502  -0.380694193148733
1.4292038687592  -0.391884491773554
1.42749830538397  -0.403422448559191
1.42567599452159  -0.415329684611235
1.42372676760241  -0.427629541153134
1.42163933786972  -0.440347254231411
1.41940115303158  -0.453510150486178
1.41699822527183  -0.467147866895623
1.41441493467872  -0.481292597842341
1.41163380139334  -0.495979373356653
1.40863522086823  -0.511246372976646
1.4053971555283  -0.52713528033634
1.40189477480197  -0.543691684361553
1.39810003389683  -0.560965533825942
1.39398117977771  -0.579011653002785
1.38950217050984  -0.597890327241042
1.3846219913923  -0.617667968487267
1.37929384806594  -0.638417872041618
1.37346421298378  -0.66022107712412
1.36707169725334  -0.683167345042112
1.36004571492871  -0.707356269732918
1.35230490147654  -0.732898535949715
1.34375524267965  -0.759917339956452
1.33428786530394  -0.788549985669202
1.32377643758935  -0.818949664765863
1.31207412803501  -0.851287420942176
1.29901007838351  -0.885754284090039
1.28438536662735  -0.922563536624494
1.26796847690963  -0.961953037105898
1.24949036869564  -1.00418746966348
1.22863936740009  -1.04956030358784
1.2050563110236  -1.0983951260842
1.17833071990982  -1.15104584205513
1.14799925420975  -1.20789500961804
1.11354842769913  -1.26934929942883
1.07442446958513  -1.3358307519383
1.03005429663395  -1.40776222439063
0.979882528066586  -1.48554530598955
0.923429791953528  -1.5695292743209
0.86037626977521  -1.65997071198202
0.790670203374758  -1.75698556668479
0.714652837963891  -1.86049887758759
0.633179315835725  -1.97020163866317
0.547702774165997  -2.08552781403149
0.460283491853274  -2.20566485050975
0.37349464486203  -2.32960575183847
0.290223833958211  -2.45623970461998
0.213406022462511  -2.58446500673258
0.145750021267117  -2.71329899327772
0.0895210612817843  -2.84195982222848
0.0464159931485821  -2.96990428972565
0.017531086684545  -3.09681920217939
0.00339452011082511  -3.2225750580054
0.00402637221472189  -3.34715653529159
0.0189963133911161  -3.47058490512857
0.047465134806189  -3.59284530928183
0.0882127480211244  -3.71382895472322
0.139666970282231  -3.83329750209957
0.199951380783497  -3.95087395239142
0.26696592119769  -4.06606056402707
0.338502322202723  -4.17827974381393
0.412382329592621  -4.28692941443744
0.486596185625013  -4.39144163823315
0.559416655138137  -4.49133347831914
0.629470690951683  -4.58624219207772
0.695762852349011  -4.67594158566833
0.757656276187197  -4.76034090564814
0.814824257510337  -4.8394706505555
0.86718726040064  -4.91346074188099
0.914847840286293  -4.98251599550921
0.958031784177341  -5.04689251630255
0.997039629876775  -5.10687716148577
1.03220958824414  -5.1627709832136
1.06389098125697  -5.2148767116456
1.09242641631993  -5.26348985693147
1.11814070546968  -5.30889280078439
1.14133470039746  -5.35135121558162
1.16228253373318  -5.39111221018441
1.18123110505067  -5.42840370194809
1.19840096279197  -5.46343462126511
1.21398798736001  -5.49639565204447
1.22816547419268  -5.52746029235048
1.24108635653436  -5.55678608308299
1.25288540660299  -5.58451590078837
1.26368132129875  -5.61077924610993
1.27357864324653  -5.63569348476471
1.28266949661554  -5.65936501570669
1.29103513486713  -5.6818903533038
1.29874730796875  -5.7033571184748
1.30586946221307  -5.72384493898316
1.3124577883323  -5.74342626233468
1.31856213426498  -5.76216708660501
1.32422679848946  -5.78012761547951
1.32949121878354  -5.79736284413828
1.33439056992314  -5.81392308258208
1.33895628238881  -5.82985442272237
1.34321649272547  -5.84519915515129
1.34719643486123  -5.85999614103467
1.3509187804695  -5.87428114407603
1.35440393536474  -5.88808712701015
1.35767029795853  -5.90144451661878
1.36073448496011  -5.91438144082613
1.3636115287755  -5.92692394103403
1.3663150504295  -5.93909616249615
1.36885741129319  -5.95092052520695
1.37124984643568  -5.96241787749268
1.37350258202131  -5.9736076342355
1.37562493883376  -5.98450790143496
1.37762542371831  -5.99513558861137
1.37951181048503  -6.00550651037929
1.38129121160375  -6.01563547836455
1.38297014183993  -6.02553638450187
1.38455457482529  -6.0352222766308
1.38604999342388  -6.04470542720213
1.38746143463997  -6.05399739581518
1.38879352971608  -6.06310908622468
1.39005053998519  -6.0720507983849
1.39123638896818  -6.08083227603588
1.39235469114533  -6.08946275028141
1.39340877777624  -6.09795097955945
1.39440172009568  -6.10630528636333
1.39533635017265  -6.11453359103354
1.39621527968421  -6.12264344290711
1.3970409168255  -6.13064204908168
1.39781548155034  -6.13853630102524
1.39854101931368  -6.14633279923969
1.39921941346693  -6.15403787616555
1.39985239643922  -6.16165761749728
1.40044155982203  -6.16919788206241
1.40098836346111  -6.17666432040356
1.40149414364721  -6.18406239218968
1.4019601204866  -6.19139738257174
1.40238740452297  -6.19867441758812
1.40277700267365  -6.20589847871597
1.4031298235358  -6.21307441665752
1.40344668211153  -6.22020696444283
1.40372830399467  -6.22730074992494
1.40397532905678  -6.23436030773768
1.40418831466491  -6.2413900907822
1.40436773845916  -6.24839448130372
1.40451400071398  -6.25537780161705
1.40462742630362  -6.26234432453617
1.40470826628804  -6.26929828356086
1.40475669913296  -6.27624388287122
1.40477283157412  -2.42502863901559E-18
